0 15.946 10.9541 8.77803 22.1405 9.98392 12.097 11.1787 10.2579 8.85984 11.3884 8.00368 30.612 30.7571 31.0557 31.1589 30.7756 30.7231 31.2452 29.9143 30.0137 29.6991 30.8474 31.5722 18.0399 16.8493 15.7352 17.9117 15.7651 18.3757 17.8931 15.0578 18.3767 17.2749 17.8765 20.1347 12.274 13.4431 12.3961 13.3752 10.6729 14.9315 14.5203 11.6751 13.5888 14.9427 12.0815 14.3623 21.0133 17.8722 19.0707 21.4489 19.233 18.4962 18.7175 17.7389 21.4444 18.2283 20.4611 17.9265 18.7164 18.6548 18.9797 19.9476 19.0619 18.3661 20.2226 20.2393 19.9816 19.4717 19.7743 18.1778 18.3907 20.489 20.4695 20.3636 25.4691 23.1909 22.2368 19.4862 18.9403 24.3692 22.1845 18.3073 16.473 14.9855 16.5311 15.6058 17.6472 14.0809 13.9595 16.7902 15.6729 14.4571 13.3874 16.9733 17.4525 17.3316 18.0883 16.9385 17.9211 18.7071 18.5959 18.3968 18.323 17.905 19.2971 20.5161 21.024 21.8208 18.6982 19.7068 19.7746 18.667 17.4957 19.0015 22.5017 21.4328 22.1509 20.6778 17.4821 18.0817 17.7474 16.3935 16.8927 17.0273 14.6553 16.469 16.9279 16.8868 16.3398 16.2353 19.3368 19.526 20.8244 17.0949 17.9397 19.4456 19.9928 19.6022 20.6296 15.2403 19.7406 20.0068 23.9624 25.3456 26.6463 25.4955 30.1293 25.6905 15.259 20.9727 22.9095 28.0281 18.2046 24.7214 15.5929 15.8274 14.9828 15.3189 16.3139 16.339 14.4686 15.0124 14.0502 15.2438 16.8111 17.4178 19.1279 18.4856 18.6371 21.6159 19.2087 19.9679 16.5571 21.0342 17.6804 21.4089 20.2079 16.7802 16.6383 19.5584 18.4163 15.9363 16.3551 16.5144 18.141 16.4621 16.8868 16.8664 17.9256 16.0128 22.4494 19.8615 20.7674 26.0033 18.2845 19.224 21.8557 17.0708 21.6659 16.9858 16.8722 23.0818 13.9332 23.3067 17.5307 15.6143 20.4222 22.0656 16.4897 20.8529 18.348 12.7699 19.661 18.4118
15.946 0 18.7529 15.7441 16.844 20.6993 23.1414 13.9857 14.3266 14.2506 14.972 14.5576 32.141 32.097 32.3858 31.3933 33.0694 32.1495 33.1454 30.3057 31.3819 31.5535 31.8293 31.6589 12.2846 11.0858 10.1754 8.86879 9.05973 9.36164 10.5729 10.5548 11.241 9.9803 9.73329 10.7522 17.0212 21.3911 18.0232 21.3664 15.428 19.1691 20.8085 19.2411 16.0015 20.289 17.928 18.4661 12.0335 13.1829 12.2509 15.761 12.7182 15.1701 10.7354 13.0653 14.13 13.8954 16.8941 13.2758 26.3811 26.1175 25.9823 26.9145 26.6069 24.9852 27.245 28.1511 27.6686 27.7125 27.1179 25.0937 14.9657 13.2422 14.7341 14.274 14.1077 24.4379 12.3004 13.7563 13.626 14.652 16.3986 15.0786 16.4352 12.2954 11.3636 11.5378 16.0137 14.4755 15.6591 15.8268 13.8757 13.6369 14.9636 13.4343 22.0406 22.7524 24.8049 22.1323 22.5826 23.2398 23.0929 25.0113 24.5763 24.0658 26.2597 27.0309 16.018 17.2665 14.8524 13.4406 19.5912 14.2071 16.5313 16.2503 14.0068 17.6747 15.7175 17.0951 18.3935 18.146 16.1854 17.8879 18.6721 16.7315 17.0038 14.5462 16.5109 14.4938 16.2401 16.0536 20.7201 21.7037 21.2034 19.7199 18.5929 19.0189 18.0933 18.6926 19.5693 19.3567 17.8666 19.8147 17.5661 17.0556 14.2207 26.8255 22.3236 26.924 13.8519 18.456 13.3274 25.7468 13.0168 17.9749 15.881 13.0752 15.9145 16.1385 15.1773 16.2928 14.2466 17.6771 13.8584 13.8299 14.1994 15.1777 14.1924 14.8623 13.0286 13.8068 12.3129 14.5192 14.7366 13.4137 14.0908 13.7262 14.7939 13.8165 21.3986 23.9333 23.236 18.4608 20.3239 20.0697 21.2945 22.7647 21.911 20.4436 22.5781 18.4156 25.0279 21.6371 23.8997 31.867 21.2394 21.4261 27.8783 20.4781 25.3186 20.1145 17.92 26.8777 8.61202 23.0421 13.929 15.7137 17.8358 21.4761 12.2285 17.9185 13.2568 15.8235 18.5843 14.1532
10.9541 18.7529 0 10.9908 25.5045 13.3934 8.78931 13.4704 12.181 11.2337 11.2905 11.8513 36.626 36.7865 37.0961 37.3801 37.0959 36.714 37.1973 35.6602 36.0804 35.9384 37.5459 38.0744 20.4297 21.1546 19.0211 21.0651 19.7865 22.6361 21.9269 18.9798 21.5425 21.2201 19.6691 22.8753 16.3939 16.7395 13.9753 16.2756 14.4259 18.9433 15.0994 14.6645 13.4672 16.3557 12.2476 17.0992 24.9351 23.023 22.8388 25.3321 22.8358 22.5801 23.4707 21.6934 24.7222 21.9038 25.5342 21.9641 20.5854 20.1885 20.5735 21.8937 21.6149 20.4652 22.1729 21.8604 21.6095 20.7162 22.1048 20.1098 23.0763 25.5983 25.316 23.5644 28.2722 29.6764 25.4167 23.4592 23.945 28.2533 25.7937 21.1462 17.7065 18.3382 18.8378 19.0613 21.0152 16.7301 16.6626 21.0124 18.1953 18.3881 17.0592 18.0937 19.2967 19.1487 20.7806 19.1249 21.3551 22.1592 21.6051 20.1679 19.627 19.3283 22.3426 23.6953 24.6138 25.4433 21.042 21.3123 23.7905 22.3522 19.5251 21.8999 24.457 25.2068 26.8184 23.275 19.2581 20.4104 17.7059 19.8712 20.4277 20.0269 17.1166 18.2926 18.507 17.952 19.9984 19.2318 23.9624 24.5013 25.7423 21.6545 21.8671 24.6696 24.5567 24.6868 25.5831 18.591 23.749 24.4204 28.4635 29.9175 29.9015 29.0898 34.3463 28.9498 16.3101 22.1656 22.9079 32.8975 19.3467 29.9566 19.0559 18.7485 18.5308 18.9032 19.3598 18.5284 17.7203 17.8895 17.485 18.3143 19.6431 21.1566 23.2135 22.5339 21.532 25.6232 22.8655 24.5677 19.7495 24.749 22.0734 25.0854 23.876 22.3645 17.649 20.4245 20.3063 18.5449 18.4544 17.5545 20.0859 17.2539 19.7201 19.0427 20.0997 17.6655 27.3974 20.8032 24.3545 31.3949 23.89 22.6637 28.5821 16.5096 27.5731 19.947 20.4343 28.0145 15.5721 30.4243 21.5886 15.6184 26.6699 27.994 20.5401 27.0988 23.4549 13.1314 26.3565 23.6927
8.77803 15.7441 10.9908 0 21.6199 9.8733 13.0748 10.1487 7.68591 7.819 8.9014 8.41794 31.1741 31.213 31.6898 31.4736 31.9976 31.2538 31.523 30.2804 30.6219 30.2934 31.2941 31.6395 18.1111 16.0161 15.6707 18.3685 16.8216 18.4732 17.557 15.5606 18.0116 17.8305 16.8489 19.8688 14.4791 15.8581 14.9211 16.0328 12.8946 17.6537 17.639 15.0856 16.5176 16.9526 15.6005 16.6344 22.4458 19.2797 20.3933 22.8158 20.7689 19.7149 20.7991 18.6042 22.6573 18.9386 21.5643 19.7657 19.2329 19.0776 19.2951 20.7717 19.9252 18.9361 20.5911 20.6164 20.6182 20.0798 20.6985 18.7508 19.7266 21.5887 21.4865 20.7039 25.8919 23.4991 23.2797 19.9294 20.2284 26.0108 23.039 18.435 17.2633 16.1969 16.8332 16.6292 17.3853 16.8208 16.761 18.3412 16.7489 15.9006 14.5151 18.4824 18.792 18.9501 20.6924 18.7788 19.7002 20.7426 20.7933 19.8879 19.5686 19.5038 20.6815 21.9149 18.4773 18.7279 15.9964 17.3673 16.6975 17.8449 14.9904 16.6221 19.6368 18.1809 21.6606 17.2246 16.2864 17.5678 16.9986 15.7714 16.0162 16.8869 13.7228 15.52 15.115 15.4019 15.314 15.7 21.0374 21.0072 22.0639 19.127 18.8935 20.6333 21.2051 21.3234 21.6012 18.3523 21.1038 21.5476 23.5558 24.5659 26.7668 23.2365 29.9155 24.0088 14.0738 20.0764 21.7122 26.8197 16.0181 24.3501 14.3503 15.9159 14.7201 15.0597 16.0357 15.831 13.3025 15.4708 13.0876 13.9739 16.4712 16.43 18.2649 17.5918 16.7804 21.138 18.1525 19.5976 14.2209 20.1705 17.564 20.7929 19.3313 17.0624 20.2776 22.5459 21.6767 19.0136 18.1123 18.9644 20.5836 18.542 19.778 19.0021 21.35 18.7504 23.4617 21.9145 22.7972 27.4559 20.2178 21.4521 24.3623 19.3445 23.6661 18.7826 18.6339 24.6022 15.1019 24.4544 20.2147 16.8824 21.8067 22.9769 19.3087 22.923 19.8328 14.9404 21.8623 20.0562
22.1405 16.844 25.5045 21.6199 0 23.7866 27.469 21.9954 21.5898 21.8765 22.9032 22.8886 21.4987 21.5161 21.452 20.9728 22.3226 21.4574 22.5084 20.4881 20.9471 21.3829 21.0375 21.1767 19.8289 18.1922 17.1286 18.4902 16.7055 16.5279 16.1222 16.7611 15.8548 15.1968 17.9545 17.9314 18.0637 20.9329 20.2973 21.2482 20.3254 16.2199 22.6899 19.6733 18.9442 22.7531 21.6375 19.1037 16.4891 13.856 14.4848 17.6208 15.9135 15.0531 14.4745 14.0717 15.5171 14.9801 14.7663 14.6022 23.9816 24.4012 23.638 24.1411 23.4773 22.6926 23.8295 24.9281 24.4853 25.6671 23.6295 22.7511 16.9489 15.447 18.4032 19.3312 21.3872 17.2273 17.8228 15.3421 16.2463 19.4183 19.428 19.4096 16.7027 16.5988 16.7459 15.6108 15.7423 16.4805 19.5199 16.7625 16.5438 15.0538 17.6021 16.7662 19.7622 21.1742 20.972 19.2071 18.8073 18.6301 18.626 21.4978 22.8164 22.6549 22.51 22.0255 23.3062 23.3922 23.9102 22.4027 25.1736 21.608 25.3072 23.8165 22.1573 23.9339 19.9073 25.5745 19.0593 16.8477 16.7493 18.526 18.7165 14.6646 17.1193 17.0707 18.2135 15.5157 17.7672 17.5215 17.6417 17.7988 16.5706 18.8478 19.4138 18.1525 16.8945 17.7905 16.8021 20.6088 16.0069 16.528 20.5152 20.3953 18.3687 30.5256 23.1859 30.0153 21.4187 25.7173 21.3614 27.1494 22.3771 20.1262 14.4777 12.9252 14.2204 14.167 15.2349 15.3625 15.2643 16.2363 13.6945 14.9381 14.0333 14.8075 19.0992 19.8532 19.6575 18.7383 19.922 18.8401 20.0271 18.7903 18.0856 19.4201 18.1817 19.2197 20.1408 20.1563 19.207 16.7763 18.5843 19.7557 18.1141 20.594 19.5205 18.1287 19.5456 16.6901 19.6978 19.7814 21.3586 27.429 16.943 19.378 23.3088 22.1849 20.6044 18.3404 15.9703 21.3123 17.6216 16.3928 17.9179 21.5826 13.3095 16.0328 16.0083 15.2563 15.7752 22.2402 15.7366 12.9003
9.98392 20.6993 13.3934 9.8733 23.7866 0 12.1573 14.1801 12.8638 11.5747 14.0981 11.051 28.3822 28.6413 28.8039 29.092 28.8302 28.569 28.3638 28.2189 28.106 27.4713 29.1275 29.7933 22.396 20.1393 20.244 22.9985 20.7759 22.2912 21.6903 19.8476 22.4213 21.5331 22.1708 24.464 14.4523 13.6344 15.2117 14.1196 14.5183 17.868 16.9833 13.9966 18.2443 15.8446 15.7466 16.4868 24.9627 21.7038 23.8408 25.3886 24.0335 22.686 23.4387 22.1557 25.6304 22.4968 23.5982 22.5891 18.4927 18.4548 17.6222 20.0855 18.2266 18.3736 19.8505 18.6553 19.2454 18.8911 19.1225 18.4243 23.246 24.9892 24.1892 23.744 29.5825 21.8176 27.1005 23.081 23.468 28.7195 26.3301 22.6494 18.3208 18.7085 20.2029 19.0331 19.0917 18.0765 17.4945 20.3563 19.5293 16.7834 15.4348 22.0449 17.9948 17.4209 19.025 18.1758 18.7114 19.4684 19.4926 19.6016 17.6479 17.4668 19.405 20.4931 22.5401 23.0346 20.6012 22.0028 19.554 21.7584 19.6735 21.0711 25.0423 22.4602 24.7524 22.3332 19.326 21.1191 20.0445 18.8387 19.0783 19.5022 17.0039 19.4547 18.7651 19.4221 19.0506 19.243 19.8973 19.6118 21.334 18.5196 19.9386 20.3687 21.7899 20.5052 21.8149 17.9931 20.3758 21.0066 26.5566 27.4477 30.5745 25.2342 33.1435 26.1762 17.4984 23.5067 26.1384 30.1594 21.4834 26.8484 17.1566 19.8096 17.0344 17.4086 18.4303 18.8001 17.1167 17.2649 17.2492 18.1736 19.5378 17.6282 21.4082 20.3942 20.567 24.8755 21.8943 22.7148 17.9071 23.6488 20.363 24.6148 22.4903 19.5674 18.5303 19.9275 20.3577 18.9412 17.3386 17.5963 18.7234 17.8558 18.1716 18.5498 18.8955 18.3831 22.8192 19.7318 18.1881 23.516 17.1895 17.6444 21.9195 18.8712 20.2704 16.4804 17.8108 20.7514 18.7022 24.2804 22.8655 19.2544 22.9233 21.6777 22.0028 24.0459 22.7627 17.3534 22.5176 22.1735
12.097 23.1414 8.78931 13.0748 27.469 12.1573 0 17.1504 15.6568 14.1688 14.4452 13.5669 35.8624 35.9225 36.0421 36.6984 35.9413 36.0027 36.486 34.8049 35.1942 35.053 36.787 37.2055 25.9464 24.7842 23.6397 26.2721 24.127 26.2648 26.2549 23.3819 25.7573 25.334 25.025 28.1076 16.0728 15.3099 15.7354 16.2987 14.9363 20.2762 14.8978 15.5054 16.349 14.6548 15.174 17.185 28.1221 26.2321 27.1027 29.9965 26.911 26.386 26.9704 25.6968 28.8474 26.1703 28.5344 25.3736 18.5601 18.668 18.1506 19.8249 18.9577 19.1217 20.4909 18.7729 19.1717 18.7684 19.8206 18.7796 27.2091 29.0742 29.3164 27.0575 32.5432 29.2503 29.9847 26.7077 27.8529 32.0939 30.6051 25.253 19.5547 20.3407 21.4405 21.0197 22.3631 18.5508 19.1962 22.4825 20.181 18.8888 18.0375 21.0045 18.725 17.968 20.3712 19.3678 21.0774 22.0725 21.8353 20.4976 17.8544 17.7955 21.4321 22.8652 27.7944 27.4706 23.932 25.645 25.2206 26.1355 21.7302 24.8543 28.5078 27.0319 30.5418 25.8581 21.5023 22.7732 20.8112 22.0806 22.7386 22.0858 19.5198 21.9273 21.2229 21.5527 23.0808 22.585 23.8851 24.1565 25.3883 21.6423 22.4003 24.3772 24.2975 24.8201 25.7359 18.612 24.093 24.4988 32.3148 33.3394 33.7775 30.189 35.6401 30.0347 20.0054 26.6891 27.1001 33.2193 24.0277 33.1096 21.7189 22.2898 21.3787 21.7035 22.677 21.9084 21.0025 20.5579 20.7253 21.7902 22.601 23.2364 26.7718 25.626 24.9612 29.4945 26.1529 28.2475 22.194 28.6103 25.7935 29.2276 27.8144 25.7728 18.125 19.3879 20.8324 19.2098 18.8133 17.339 20.0101 17.4821 18.7476 19.1439 19.3717 18.7732 28.5816 21.726 22.6511 30.4404 23.6613 22.0676 27.8439 16.784 27.0395 20.0099 22.4459 26.8043 19.8673 32.3105 25.5701 20.1725 28.5138 28.8193 24.152 29.602 27.32 17.0948 27.7618 26.346
11.1787 13.9857 13.4704 10.1487 21.9954 14.1801 17.1504 0 7.2773 5.96434 8.06839 8.63716 32.9268 32.8333 33.2748 32.6413 34.0405 32.9594 33.9982 30.7675 32.5169 32.1747 32.5742 32.6249 12.6111 12.7891 12.2565 14.266 12.3868 14.7517 13.5726 11.1542 15.3982 13.7555 13.506 14.8236 16.2398 19.4657 15.9623 19.0727 12.9552 17.6886 17.4966 16.1881 15.7126 18.5047 15.0821 18.0783 16.0421 14.7881 15.0962 16.5243 14.7931 15.336 15.5789 14.3996 16.71 14.9229 17.1111 14.4431 25.5202 25.5064 25.6604 26.5939 26.0182 24.7582 26.994 27.1898 27.0714 26.6066 26.407 24.443 15.4323 16.9635 16.0057 14.8555 19.6845 24.3174 17.4841 16.191 15.3598 19.4852 17.1145 13.7371 16.2522 14.7452 14.5387 14.4466 15.5816 15.5081 15.8688 15.1361 15.0012 15.3383 13.1719 16.5703 22.0183 22.2555 24.1206 22.1197 23.1755 23.9218 24.0662 24.0921 24.3906 23.991 25.4807 26.425 15.8946 18.1229 12.5825 11.8687 16.1811 13.0499 12.1367 13.3344 15.6288 18.2305 16.3684 14.8738 17.0157 17.7545 13.2001 15.2204 14.8991 15.926 14.283 12.3191 15.0145 14.9779 13.8932 14.3272 22.6787 23.0029 22.3317 20.8571 19.3909 20.1693 20.789 20.6634 21.1965 19.4474 21.7702 23.531 17.7462 19.3306 22.2027 23.3591 29.2549 25.2276 9.42957 14.2665 18.5906 28.0423 10.9612 19.4567 15.954 15.2259 15.8025 16.4232 15.9629 16.4926 14.367 17.2338 14.4306 14.3632 16.1847 16.8313 13.3195 11.899 12.062 15.4229 13.4825 13.5652 11.2227 14.0826 11.5374 14.4813 13.8803 12.6495 21.3146 23.5713 22.8103 19.2056 19.2132 20.2292 20.9703 21.2033 22.2211 20.2131 22.3797 18.7222 22.1029 24.0716 25.7269 29.1087 21.6005 23.4289 23.8679 21.2923 25.0353 21.6463 20.2322 26.7103 14.1629 23.6337 14.3091 15.9496 19.7452 21.744 13.3845 18.6017 15.3014 16.5134 18.5067 16.1597
10.2579 14.3266 12.181 7.68591 21.5898 12.8638 15.6568 7.2773 0 6.1992 6.28938 7.83178 32.4766 32.5623 32.881 32.104 33.5611 32.5097 33.2289 30.7357 31.8058 31.592 32.0856 32.1964 13.7238 13.3575 12.053 15.0789 13.2666 14.9911 14.2106 12.1033 15.3072 14.6585 13.5754 15.7421 16.1733 18.9475 15.6089 18.5156 12.8451 17.7444 18.3453 16.592 15.9526 18.2357 14.9627 18.8124 18.6668 16.1118 16.3915 18.6784 16.7788 15.988 16.9767 15.1332 18.786 15.0894 18.3715 16.281 23.8549 23.6643 23.7657 25.0414 24.4729 23.0381 24.6001 25.083 25.1827 24.3295 24.8685 22.7987 15.6959 18.1453 17.449 16.3874 22.022 24.2412 19.5637 15.8908 16.0721 21.9769 18.4671 14.2581 16.7421 14.2958 14.5968 14.2153 15.6392 16.0605 15.4215 15.5028 15.1431 14.832 12.9337 17.2695 22.0133 22.2732 23.2855 20.9673 22.3451 23.0892 23.1301 22.963 23.2137 22.8095 24.3251 25.4958 15.4844 17.1969 12.4701 13.1632 15.1696 13.837 11.7788 13.3262 16.3935 17.0578 18.1321 14.1278 16.0881 17.0547 14.6707 15.1725 15.0873 15.5133 13.4326 12.3004 14.3025 14.0327 13.1464 13.9902 21.1291 21.0908 21.6403 18.9841 17.2935 19.0644 19.7831 19.2042 19.5201 17.7007 20.043 22.2325 19.5491 20.9043 23.012 22.2728 29.1555 23.5725 9.9779 15.4383 19.0019 26.3996 12.3803 20.8868 15.3946 15.2823 15.4063 15.8851 15.5884 15.8773 13.5794 16.284 13.7512 14.2619 16.2962 16.9909 14.5198 12.9968 12.3519 17.217 14.4097 15.5369 10.9982 15.6518 13.5649 16.3508 15.4873 13.941 21.5199 24.3117 23.4895 19.7236 19.729 20.1751 21.2777 19.9585 22.0639 20.2844 22.8396 19.4399 22.1083 24.0563 24.898 29.1242 21.5091 23.1016 23.6811 21.2202 24.9768 21.1244 19.9672 26.2308 13.8294 24.2936 15.9862 15.9034 20.3717 23.0001 15.4364 20.1757 16.402 15.5825 19.9374 17.5755
8.85984 14.2506 11.2337 7.819 21.8765 11.5747 14.1688 5.96434 6.1992 0 8.18763 6.8581 31.6865 31.7069 32.1271 31.6549 32.4595 31.7682 32.607 29.8751 31.0709 30.8936 31.6976 31.9527 14.4258 13.6047 12.8065 15.6748 13.483 15.6881 14.656 12.2262 15.8218 14.7754 14.2596 16.3002 14.6163 17.2215 15.1812 17.4804 12.3532 17.0997 16.227 14.7713 15.1676 16.7622 14.254 16.6048 18.2221 16.1828 16.6066 18.9661 16.7251 16.3425 17.2008 15.6078 18.5048 15.7958 18.2784 15.9182 22.8164 22.7942 22.6123 24.029 23.2282 22.2657 24.1127 24.1539 24.1037 23.5579 23.675 21.8573 16.3608 18.4096 18.0326 16.7396 22.119 23.9731 19.4021 16.8544 16.7312 21.9303 19.1782 15.1914 16.3601 14.8008 15.2318 14.8215 16.2825 15.2958 15.8847 15.5311 15.4704 15.0908 12.7417 17.1258 20.6027 20.3843 22.2001 20.1883 21.7442 22.4885 22.2929 22.1604 22.0927 21.7691 23.1459 24.251 16.8713 18.2047 13.5707 14.1767 16.329 14.9711 12.7669 14.2495 17.3662 18.149 18.5196 16.0008 15.4435 16.3268 13.7846 14.6441 15.3223 15.6009 13.0836 12.7039 13.9476 13.8917 13.6025 13.8162 21.0896 21.3997 21.478 19.2754 18.7372 19.9474 20.3385 20.1669 20.4073 18.1868 20.8302 21.9051 19.9986 21.3851 23.8942 23.2425 29.1814 24.4622 9.60652 16.4961 20.0025 27.2225 12.259 21.2686 15.9064 15.7546 15.6961 16.2582 16.3624 16.1526 14.6185 16.6704 14.5696 14.6385 16.7635 17.1064 15.0633 13.7762 13.2956 17.4415 15.0388 15.9346 11.8208 16.3062 13.6447 16.9824 15.6026 14.0716 20.1255 22.2948 21.7241 18.4166 18.3982 18.8027 19.8671 19.7715 20.6093 19.3243 21.1368 18.413 22.4932 22.9065 24.0028 28.44 20.9354 22.109 23.1499 20.0285 24.9541 20.0542 19.679 25.8144 14.2323 24.5499 15.9296 16.4318 20.4243 22.2804 14.7353 19.9086 16.2812 16.2519 19.3171 16.8679
11.3884 14.972 11.2905 8.9014 22.9032 14.0981 14.4452 8.06839 6.28938 8.18763 0 8.67863 35.6539 35.7839 36.1576 35.5299 36.7657 35.694 36.4229 34.0146 35.0941 34.9414 35.7558 35.7495 15.0861 14.8791 13.6676 16.0365 14.3213 16.628 16.1956 13.4463 16.4521 16.0339 14.7905 17.0919 17.0082 19.9392 15.8326 19.366 13.3345 18.5662 18.391 17.2129 15.4933 18.4186 14.508 19.2578 19.5698 17.4507 17.5352 20.4957 17.8685 17.579 18.2966 16.3385 19.8562 16.2516 20.2226 17.1511 24.6997 24.3715 24.8274 25.7245 25.5164 24.2217 25.6114 26.0003 26.0214 25.0525 26.1119 23.8261 17.8463 20.1975 19.3592 17.3992 22.781 27.1132 20.489 17.3689 18.7585 23.0366 20.3159 15.8151 16.6241 14.882 14.0505 14.3701 16.4529 16.3897 15.5126 16.8808 14.6421 15.6909 13.7067 16.0059 22.5819 22.9609 24.3864 22.1305 23.6927 24.4669 24.3164 23.5982 23.9238 23.6609 25.6457 26.7472 17.207 19.1135 13.4957 13.9252 16.6989 15.0473 12.5438 14.6787 17.6475 19.0232 20.2936 15.6879 18.1355 19.0061 14.4001 17.7387 16.7192 17.5808 15.1421 13.6591 16.2301 15.3923 15.9823 16.3251 23.4743 23.5211 23.6917 21.1758 19.0853 21.4259 21.4296 21.4963 22.128 18.7565 22.0765 24.6374 21.8459 22.8711 24.2822 23.4457 30.2618 25.2097 10.4349 15.771 18.5161 29.0212 13.0786 23.3048 17.1418 16.0196 17.1144 17.7149 16.8866 17.4387 15.0968 17.5087 15.1598 15.9616 17.1958 18.5955 16.7944 14.9224 13.8951 19.173 16.1791 17.6534 12.6884 17.6488 15.6618 17.931 17.5996 16.3086 21.1305 24.5676 23.9319 19.8181 20.5863 20.3682 21.7992 19.5463 22.7443 20.7456 23.1749 19.6554 23.4472 24.3843 25.8351 31.2003 23.4208 24.2299 25.8392 20.2322 26.375 22.1952 21.0052 27.7333 13.4959 27.116 16.7917 14.9274 23.1111 25.2586 16.1568 22.8509 19.3667 14.8287 22.7787 19.4787
8.00368 14.5576 11.8513 8.41794 22.8886 11.051 13.5669 8.63716 7.83178 6.8581 8.67863 0 32.1785 32.3023 32.6186 32.0733 32.8263 32.2653 32.9923 30.3593 31.4495 31.3876 32.2352 32.186 16.8745 14.6602 14.3279 16.5486 14.5497 15.9448 16.0299 13.815 16.4192 15.6813 15.8367 18.4974 13.9146 16.5377 14.9878 16.7204 11.3447 17.6213 16.7808 14.8745 14.8497 15.7396 14.7644 16.725 19.5444 16.7501 18.3336 21.2632 18.5413 18.439 17.8982 16.984 21.2487 17.6718 20.6368 17.3243 20.7054 20.9429 20.8449 22.2158 21.6034 20.4339 22.8492 22.4652 22.4335 21.78 21.7895 20.0048 18.4874 19.4462 19.2977 18.1529 23.3568 24.2247 21.4509 17.932 18.2173 23.179 21.4347 17.4037 16.7824 14.0399 14.57 13.8181 16.5741 14.8453 15.2421 15.7714 14.329 14.0727 12.0163 16.766 20.7647 20.8714 22.4854 20.6289 21.4705 22.3956 22.418 22.5617 21.6333 21.3383 23.7898 24.9416 16.8814 17.3986 14.2039 15.5582 16.126 15.6755 12.8731 14.8196 17.8341 17.2755 19.8428 15.749 16.4527 17.7955 16.9882 16.3839 16.6089 17.4158 14.6693 15.4309 15.6046 15.6626 15.6581 15.9357 19.5645 19.9522 20.547 17.5686 17.4839 18.2992 18.9995 18.5888 19.422 15.422 19.1808 20.331 21.7588 22.1645 24.0364 22.8991 27.3191 23.3695 11.4387 17.9619 20.3594 25.5671 13.5469 22.0194 16.7992 16.9194 16.626 17.2249 17.6341 17.5175 15.5268 17.4194 15.5186 16.1108 17.9003 17.4024 16.1211 14.8939 14.6589 18.9037 15.2037 17.5502 12.9901 17.861 15.1934 18.6666 17.5562 14.7397 20.371 22.511 22.491 18.2544 19.1734 18.6673 20.1956 19.1582 19.8224 19.5249 21.2057 18.6712 23.3006 22.8785 22.451 29.288 21.0198 21.6603 23.6557 19.5431 24.6158 19.5242 19.8491 26.0141 14.1062 25.321 17.4664 16.351 20.6064 22.9389 16.0736 20.8922 18.2502 15.0118 20.3268 17.7458
30.612 32.141 36.626 31.1741 21.4987 28.3822 35.8624 32.9268 32.4766 31.6865 35.6539 32.1785 0 4.09286 3.27107 5.14998 5.66603 0.324462 6.35868 6.50785 4.85648 4.68753 7.73919 7.30065 33.1647 29.3925 30.4972 32.547 30.5893 29.8007 28.6432 29.3455 29.3041 29.1827 32.6826 32.4266 26.4009 25.8593 31.7688 28.7873 29.7614 25.5952 29.9616 28.7655 33.0546 29.1271 34.9189 27.6528 29.6312 26.1136 29.8608 29.6961 29.7308 27.9223 28.7583 28.3142 29.706 28.9452 26.5819 28.1884 24.3663 25.0868 23.9762 24.4831 22.9595 23.856 24.1309 24.6164 24.4616 25.9143 22.61 24.0738 28.1423 25.7067 28.0231 30.3492 33.457 13.4412 33.1981 26.675 28.3259 31.5365 31.3432 30.2612 28.1387 28.1822 30.5596 28.7075 25.1586 28.5529 32.0067 25.6537 29.0074 27.4696 27.194 31.7012 25.8197 26.6198 25.1716 25.4831 23.5041 23.0472 23.7646 26.9662 26.9883 27.1454 26.0575 25.2823 30.3384 28.3684 32.3221 33.2245 28.0688 31.8615 33.0195 31.7936 33.5147 27.8304 26.6203 32.8526 25.9031 25.9217 29.312 25.1407 25.7166 23.873 26.6605 29.0394 27.0623 27.5194 25.9338 26.5193 20.9799 20.1152 19.3411 23.1325 25.7323 22.2656 21.966 21.9225 20.9991 27.2449 22.1569 20.569 26.7226 26.3033 30.9772 30.2617 31.008 29.868 32.1169 36.0794 37.5437 26.8054 34.5499 24.8516 27.2106 29.2514 27.8746 27.5979 27.1902 28.7079 29.2066 28.7224 27.264 27.7147 28.5676 23.9232 28.9913 30.0971 31.0013 29.3945 31.0425 27.9 29.2428 29.8115 28.4694 30.0031 28.2217 27.215 29.9961 26.5188 27.0119 27.7025 25.7334 28.0862 25.3812 29.8401 25.2246 25.7175 26.1256 27.5836 24.2666 27.2735 23.9433 22.2388 20.221 23.7549 20.3978 33.6884 20.5921 24.5142 24.7771 19.8968 34.3105 17.4631 31.1386 35.1934 19.7999 18.6324 30.1889 23.1412 27.1748 35.7911 22.5942 24.5728
30.7571 32.097 36.7865 31.213 21.5161 28.6413 35.9225 32.8333 32.5623 31.7069 35.7839 32.3023 4.09286 0 3.01446 6.44842 5.39478 4.18007 6.45115 6.58491 5.70142 3.86499 7.39683 7.94055 32.8758 29.6008 30.6632 32.4302 30.463 29.7172 28.6269 29.4233 29.4779 29.0333 32.5383 32.132 26.2297 25.9677 31.8236 28.9502 29.6861 25.2328 29.7417 28.6056 32.9097 29.0146 34.7502 27.4206 29.2717 25.6144 29.5419 29.4171 29.3225 27.758 28.4926 28.1348 29.0653 28.8873 26.032 27.7568 25.0711 25.6269 24.3793 25.1772 23.3623 24.4413 24.3749 24.7191 24.8798 26.3904 23.0871 24.7116 28.149 25.493 28.0023 30.0645 32.992 13.0644 32.6464 26.7064 28.0154 31.0469 31.0675 30.5202 28.2958 28.109 30.6718 28.7564 25.2355 28.3797 32.1897 25.4005 29.0678 27.364 27.1916 31.466 25.785 26.6306 25.01 25.4357 23.6346 23.0862 23.9424 26.7961 27.2152 27.2755 25.7314 24.9969 30.6729 28.7285 32.5305 33.0916 28.4668 31.8746 33.206 31.9009 33.4131 28.1832 26.6761 33.1254 25.5194 25.3821 28.9346 24.7982 25.7738 23.6189 26.3924 28.7985 26.6954 27.2391 25.7781 26.2835 20.9341 20.3327 19.5623 23.2344 26.2063 22.7714 22.2561 22.3294 21.3139 27.4688 22.2975 20.5639 27.0275 26.3695 30.8948 30.6306 31.4813 30.4289 31.8732 35.8897 37.3312 27.3163 34.4944 25.1336 27.284 29.0876 28.008 27.6307 27.1681 28.5438 29.2441 28.3773 27.2127 27.4983 28.3541 24.0028 29.1041 30.037 30.9787 28.9556 31.0487 27.6795 29.0308 29.6575 28.1891 29.6321 27.8646 27.0052 29.8705 26.3547 26.6634 27.4275 25.4255 27.9582 25.2316 29.99 25.2337 25.5179 25.9531 27.4498 24.3711 27.5126 24.1052 21.6661 20.2996 23.8768 20.201 33.6522 21.1233 24.4395 24.8601 20.408 34.1921 17.229 30.7605 35.4599 19.4348 17.8236 29.8401 22.4564 26.841 35.9795 21.7519 24.2353
31.0557 32.3858 37.0961 31.6898 21.452 28.8039 36.0421 33.2748 32.881 32.1271 36.1576 32.6186 3.27107 3.01446 0 5.93161 5.10115 3.44243 6.2061 6.93412 4.88057 4.12956 7.20002 7.4878 33.3663 29.6847 30.9023 32.9389 30.8071 30.1073 28.9328 29.7335 29.7021 29.4787 32.9449 32.6626 26.4698 25.8491 31.7949 28.7771 29.893 25.3651 29.9065 28.8257 33.1072 29.0538 35.055 27.5866 29.8987 26.332 30.0729 29.8763 29.9171 28.1274 29.0672 28.5256 29.8743 29.2133 26.7006 28.3746 24.5723 25.2477 24.1819 24.7094 23.1111 24.1025 24.2008 24.5541 24.6291 26.0304 22.7202 24.3333 28.3827 26.001 28.3021 30.7368 33.6266 13.5617 33.3336 27.1491 28.5413 31.6792 31.5389 30.7483 28.4084 28.4018 30.7727 28.9488 25.4566 28.5934 32.1285 25.7502 29.1079 27.507 27.3725 31.8112 25.7509 26.6653 24.8929 25.3973 23.4355 22.8241 23.5915 26.7924 27.0437 27.1112 25.8029 24.9765 30.8163 28.9212 32.8436 33.5909 28.7495 32.1905 33.5059 32.2382 33.9164 28.4571 27.0373 33.3334 26.1785 26.1203 29.7243 25.4081 26.1475 24.1112 26.9962 29.3958 27.3852 27.7927 26.282 26.7958 20.7623 19.9988 18.9716 23.0842 25.8473 22.2856 21.9835 21.8953 21.0786 27.1513 22.0559 20.3752 27.1843 26.6704 31.2442 30.8385 31.3388 30.6073 32.4869 36.4042 37.8558 27.2821 35.0447 25.2974 27.2141 29.2834 27.9885 27.6812 27.26 28.6861 29.2707 28.6439 27.2827 27.7851 28.425 24.0783 29.3815 30.4027 31.3338 29.6032 31.4387 28.2115 29.6414 30.184 28.7627 30.3304 28.4978 27.567 29.9516 26.4922 26.7968 27.574 25.793 28.1047 25.33 29.7581 25.1611 25.5227 26.0852 27.4353 24.6229 27.1105 23.6121 21.9202 20.0916 23.5433 20.5371 33.6761 20.6505 24.3626 24.5671 19.9044 34.4985 17.3273 31.279 35.5149 19.7719 18.3873 30.3635 23.2138 27.3263 35.9859 22.5107 24.7245
31.1589 31.3933 37.3801 31.4736 20.9728 29.092 36.6984 32.6413 32.104 31.6549 35.5299 32.0733 5.14998 6.44842 5.93161 0 7.91552 5.27327 8.22211 7.47869 5.27689 6.3737 8.06427 6.20732 32.7213 28.4496 29.9439 31.6796 30.0744 28.9269 27.7 28.9451 28.7618 28.9011 32.0074 31.7358 27.1572 26.7396 32.4384 29.5853 30.1028 26.3578 30.791 29.3571 33.6706 29.7002 35.1693 28.6868 28.823 25.6892 29.3073 29.0233 29.1185 27.3727 28.1299 27.887 29.2417 28.4693 26.3967 27.8917 24.8325 25.607 24.3261 24.8944 23.5283 24.2123 24.8185 25.2779 25.0215 26.5915 22.9131 24.5683 27.2199 24.9162 27.0811 29.5607 32.6711 13.9476 32.4618 25.9345 27.5581 30.8875 30.4186 29.4883 28.2986 27.776 29.9401 28.2632 24.7172 28.8621 32.2255 25.1585 28.4346 27.3949 27.2415 31.5341 26.1472 27.2148 26.2242 26.4808 24.3558 23.7601 24.6466 27.9558 27.7723 27.9898 27.5313 26.7418 29.0363 27.199 31.3352 32.0545 27.2212 30.6681 32.2593 30.7469 32.2428 26.6586 25.5263 31.4804 26.4887 26.6118 29.6121 25.8214 25.7794 24.2022 27.2779 28.8628 27.4789 27.9294 25.9959 26.622 21.4542 20.5836 18.9482 23.7207 25.2928 21.3811 21.2366 21.0624 20.2639 27.6299 22.0171 21.2487 25.193 24.7998 29.8302 28.7722 30.151 28.8164 31.8475 35.3717 36.9788 25.7079 33.8405 23.3271 27.5232 29.3071 28.1869 27.8039 27.0406 29.248 28.9 29.5698 27.5022 27.8501 28.562 23.5747 28.1566 29.0875 30.1524 28.8452 30.4265 26.8774 28.8003 28.863 27.9049 29.0614 27.5537 26.5897 30.7544 27.4338 28.2812 28.1555 26.1933 28.844 26.3684 30.603 25.9454 26.4021 26.876 27.8803 23.7719 28.3317 24.8689 23.2788 21.1254 24.6226 21.1601 34.142 20.8654 25.5525 25.6982 20.7257 34.0038 17.6164 30.4075 35.174 19.6804 19.2455 29.5915 22.8566 26.7964 36.1574 22.7711 24.338
30.7756 33.0694 37.0959 31.9976 22.3226 28.8302 35.9413 34.0405 33.5611 32.4595 36.7657 32.8263 5.66603 5.39478 5.10115 7.91552 0 5.68584 7.17914 8.38006 6.01051 4.30652 7.23093 8.14022 34.2638 30.5126 31.3916 33.8491 31.6258 30.9037 29.9637 30.3694 30.1709 30.1127 33.7673 33.7073 26.2889 25.3029 31.7444 28.1251 30.1067 25.1436 30.1618 28.9056 33.1081 29.1174 35.1158 27.5692 30.9464 27.4051 31.154 30.9077 31.1176 28.815 29.985 29.3371 30.8208 29.9799 27.4812 29.2424 23.2997 23.9588 23.2645 23.2845 22.0254 22.8948 22.8458 23.489 23.2844 24.7033 21.5781 23.3273 29.4008 27.1977 29.4801 31.8947 34.6797 13.5427 34.4226 28.4005 29.6972 32.8887 32.9317 31.5527 29.2475 29.0294 31.8797 29.7927 26.7675 29.1461 32.6759 27.1992 29.8907 28.2567 28.1775 32.7574 25.4132 26.2444 23.933 24.6342 22.8527 22.2216 22.7395 25.4741 26.6647 26.6923 24.4845 23.5145 31.8626 29.7748 33.9993 34.8315 29.5496 33.3829 34.4765 33.2641 35.1281 29.22 28.3427 34.3285 26.5851 26.4403 30.6333 25.6626 26.9274 24.8484 27.1973 30.1501 27.7641 28.159 26.7967 27.2822 20.346 19.5704 18.525 22.4254 25.375 22.0026 21.667 21.8776 20.8931 26.832 22.0461 20.0332 28.6144 28.1236 32.424 32.0085 31.5791 31.4943 33.5275 37.6385 39.2233 27.1394 36.0867 26.7469 27.2108 29.5515 27.8241 27.4925 27.7794 28.7229 29.5206 28.4694 27.5054 28.1082 28.7009 24.7206 30.3523 31.6068 32.4975 30.5833 32.4555 29.3795 30.5045 31.3255 29.6932 31.6242 29.6217 28.436 30.3082 26.6401 26.8894 27.7257 25.9932 28.2381 25.5085 29.5669 25.0306 26.1203 26.2214 27.6412 26.1555 27.4938 24.0057 22.8393 20.4303 23.9988 21.5506 33.8703 21.6558 24.4705 24.7876 20.7894 34.6771 18.2369 32.6983 35.4948 20.5171 19.4617 31.3472 24.2174 28.1644 35.6257 23.2481 25.2871
30.7231 32.1495 36.714 31.2538 21.4574 28.569 36.0027 32.9594 32.5097 31.7682 35.694 32.2653 0.324462 4.18007 3.44243 5.27327 5.68584 0 6.4349 6.52721 4.94856 4.82043 7.69566 7.44811 33.1624 29.4205 30.5065 32.5663 30.5748 29.7985 28.6532 29.3501 29.305 29.1555 32.7062 32.4187 26.4515 26.0183 31.8415 29.0012 29.8836 25.4937 30.0841 28.871 33.1219 29.2496 34.9728 27.6653 29.6233 26.0964 29.834 29.6741 29.7099 27.9165 28.7202 28.2653 29.6734 28.9232 26.5638 28.1632 24.5408 25.2509 24.1474 24.6478 23.1282 24.0242 24.2734 24.781 24.6346 26.0812 22.775 24.2422 28.157 25.7232 28.0479 30.3601 33.4423 13.5942 33.1605 26.689 28.3201 31.5093 31.3361 30.2848 28.1157 28.196 30.5713 28.6923 25.1883 28.5123 32.1316 25.6864 28.9859 27.4565 27.2133 31.7156 25.9871 26.7904 25.3355 25.6469 23.6504 23.1781 23.9358 27.1196 27.1698 27.3245 26.2015 25.4174 30.4159 28.4698 32.3994 33.2566 28.1738 31.8946 33.0978 31.8567 33.5104 27.9358 26.6625 32.9279 25.9112 25.8942 29.3216 25.1492 25.7348 23.9004 26.6624 29.0501 27.081 27.4943 25.9485 26.5391 21.0416 20.2197 19.4766 23.2432 25.9716 22.4637 22.0731 22.1067 21.2245 27.3232 22.2517 20.7398 26.743 26.3257 30.9417 30.3865 30.9019 30.0063 32.135 36.031 37.5 26.9582 34.5551 24.868 27.213 29.2374 27.901 27.6278 27.2129 28.6644 29.2094 28.7921 27.213 27.7182 28.51 23.9464 28.9786 30.1174 31.0292 29.3821 31.045 27.9245 29.2937 29.8283 28.4741 30.0255 28.2195 27.266 30.108 26.6425 27.163 27.7984 25.865 28.2361 25.5058 30.0041 25.4144 25.8387 26.2627 27.6986 24.2752 27.318 24.0771 22.2759 20.3187 23.8203 20.3316 33.7582 20.7502 24.5703 24.8123 20.0499 34.2952 17.4911 31.1271 35.1644 19.7437 18.5737 30.1884 23.0911 27.1825 35.8394 22.5717 24.5239
31.2452 33.1454 37.1973 31.523 22.5084 28.3638 36.486 33.9982 33.2289 32.607 36.4229 32.9923 6.35868 6.45115 6.2061 8.22211 7.17914 6.4349 0 11.1346 8.225 6.60116 7.87709 9.38818 33.41 30.3512 31.5484 33.3609 31.557 31.0571 29.4565 30.383 30.2942 30.3018 33.2267 32.9432 26.8633 26.0393 31.7089 28.5414 30.0957 25.4118 30.9125 29.0139 33.2481 30.0151 35.0708 28.1347 30.5024 26.9421 30.6482 29.7965 30.338 27.8636 29.838 29.1814 30.2123 29.2194 26.4988 28.7302 25.0823 25.5922 24.8762 25.0661 23.8687 24.5129 24.5114 25.2084 24.907 26.3338 23.4217 24.7588 28.1039 26.6504 28.2458 31.1493 34.3804 14.6119 33.6707 27.9244 28.6168 32.5101 31.506 30.2769 28.706 28.8454 31.7131 29.8816 25.9841 29.0985 32.0687 26.6443 30.208 28.3477 28.433 32.4595 26.1825 27.2377 24.9856 25.5865 23.2014 22.7472 23.3858 26.0413 27.4574 27.4552 25.7047 24.8448 31.4753 30.129 33.609 34.2585 29.209 32.5443 34.0576 32.7034 34.5653 29.3001 27.8588 33.8238 26.4039 26.378 30.2712 25.4549 25.885 24.5316 27.186 29.6705 27.3034 28.5669 26.134 26.5671 21.1212 20.8155 20.4882 23.442 26.834 23.504 24.0203 23.0945 22.872 28.2044 22.8614 20.9567 27.8671 27.8982 32.9061 30.4688 33.9976 30.8238 32.9859 36.4099 38.5312 29.1697 35.9985 26.363 26.5156 29.4151 27.4071 26.966 26.6209 28.0892 28.4887 28.1328 27.1246 26.9688 28.3346 23.9512 30.0645 30.8563 32.0914 30.326 32.9996 28.5703 30.3343 31.2845 29.5453 30.7967 29.3438 27.8834 30.1617 27.684 27.2077 28.1473 25.9737 28.698 26.1472 29.5871 25.3889 26.7145 26.6963 28.1417 23.995 26.629 23.4384 20.2236 19.4332 23.0249 20.7508 34.2029 19.6888 24.3149 23.9858 19.0722 34.8957 16.3093 31.5147 34.3949 20.6707 18.9858 30.8666 23.5009 27.3404 35.5823 23.0919 25.6081
29.9143 30.3057 35.6602 30.2804 20.4881 28.2189 34.8049 30.7675 30.7357 29.8751 34.0146 30.3593 6.50785 6.58491 6.93412 7.47869 8.38006 6.52721 11.1346 0 6.62703 7.47339 9.57165 8.92464 31.5674 27.7258 29.0949 30.4089 28.8534 27.8509 26.9036 28.0041 27.7915 27.604 30.8929 30.5154 25.2129 25.4616 31.1054 28.7977 28.3459 25.1652 28.1937 27.6274 31.6485 27.6054 33.6465 26.3559 27.0836 24.1916 27.925 28.2316 27.6349 26.5568 26.4707 26.6623 27.6949 27.5659 25.2342 26.1716 24.2965 24.9147 23.5768 24.5325 22.6833 23.5944 24.142 24.5211 24.5096 26.0445 22.4909 23.7986 26.7004 23.9642 26.7009 28.2227 30.437 12.8062 30.4976 25.0159 26.5705 29.1033 29.6957 28.9256 27.0232 26.4415 28.627 26.5753 23.9181 26.8653 31.4128 23.6438 27.1511 25.6796 25.2883 29.9338 24.573 25.3528 24.9007 25.0005 23.3072 22.955 23.8105 26.7118 26.5666 26.7125 25.8812 25.5193 28.4107 26.3582 30.2214 30.7013 27.5332 29.9177 31.2554 29.9164 30.8932 26.3046 24.8941 31.1037 24.3346 24.3347 27.4824 24.0145 24.6196 22.5968 25.5756 27.5038 25.8036 25.7109 24.3385 24.8546 20.9177 20.1068 18.9217 23.2005 24.6407 21.5697 20.6689 21.3575 20.0357 26.6817 21.7653 20.5146 25.4661 24.5391 28.2623 31.1565 28.3564 30.7381 30.261 33.9595 35.3044 25.4758 32.2799 23.6422 26.8751 28.0114 27.6918 27.4807 26.8089 27.9681 28.399 28.4677 26.5365 26.8496 27.3712 23.7777 26.7701 27.9808 28.6059 26.9177 28.3933 25.9523 27.2966 27.3275 26.012 27.8173 25.7744 25.2192 28.78 24.4135 25.6047 26.1258 24.1713 26.3565 23.3499 29.3012 24.3322 24.4301 24.7168 25.9595 23.6742 27.3179 24.4554 23.1917 20.6028 23.8325 19.9785 31.987 21.6792 24.426 24.9858 20.9256 32.9375 17.934 29.1918 34.6643 18.1189 17.0926 27.7677 21.329 25.5422 35.4316 20.4268 22.3022
30.0137 31.3819 36.0804 30.6219 20.9471 28.106 35.1942 32.5169 31.8058 31.0709 35.0941 31.4495 4.85648 5.70142 4.88057 5.27689 6.01051 4.94856 8.225 6.62703 0 5.94524 8.08631 7.21141 33.0445 29.0667 30.1154 31.9893 30.185 29.2178 28.1357 29.0628 28.6738 28.9346 32.1348 32.1693 25.726 25.0195 31.0208 28.2075 29.0987 25.365 29.4325 28.2019 32.3792 28.4672 34.3406 27.2202 29.3106 25.8264 29.6294 29.7978 29.6202 27.5068 28.4148 28.1836 29.5713 28.6439 26.5361 27.8813 23.0436 23.7716 22.7165 23.1951 21.7338 22.4988 22.9931 23.4295 23.2039 24.6759 21.279 22.7729 28.0921 25.3492 27.9599 30.4425 33.2992 13.4686 32.9651 26.3623 28.2259 31.3884 31.4309 30.1929 27.8736 27.5751 30.0328 28.2841 25.2493 27.9771 32.0118 25.4469 28.3499 26.9739 26.6176 31.2441 24.7449 25.6699 24.4189 24.6083 22.6124 22.3598 23.1569 26.0156 26.2131 26.3569 25.3234 24.6001 29.7939 27.482 31.8728 32.8111 27.9614 31.6013 32.5611 31.4039 32.957 26.9259 26.3591 32.3647 25.5295 25.5036 29.0735 25.075 25.5589 23.4863 26.3441 28.8182 26.9047 27.2105 25.6746 26.2493 20.3601 19.777 18.5631 22.5454 24.7313 21.574 20.827 21.1479 20.1053 26.3455 21.3645 19.8257 26.4739 25.7554 30.3417 30.4665 29.5733 29.5704 31.5103 36.3464 37.3143 25.1629 33.9578 24.3679 26.9713 28.8343 27.767 27.4736 27.0826 28.4654 28.8245 28.5708 26.9156 27.4218 28.262 23.8742 28.6523 29.8867 30.7194 29.1715 30.5627 27.9009 29.0062 29.4639 28.334 29.8706 27.8955 26.9793 29.4183 25.5571 26.4982 27.1842 25.1513 27.3832 24.562 29.0207 24.4809 25.1198 25.6921 27.0963 25.0579 26.9815 23.7603 23.7105 20.1736 23.3996 21.5434 32.7619 21.101 24.1603 24.43 20.39 33.5875 17.9611 31.2863 34.7518 19.9452 19.2249 29.9713 23.4315 27.0986 35.1006 22.9255 24.3441
29.6991 31.5535 35.9384 30.2934 21.3829 27.4713 35.053 32.1747 31.592 30.8936 34.9414 31.3876 4.68753 3.86499 4.12956 6.3737 4.30652 4.82043 6.60116 7.47339 5.94524 0 5.97072 7.19406 32.4545 28.6764 29.7677 32.0961 29.885 29.116 28.063 28.7098 28.6561 28.542 32.0206 31.8212 25.4559 25.0471 30.9252 27.7863 28.836 24.4811 29.2991 27.9977 32.1233 28.2671 34.0923 26.9279 29.3072 25.5283 29.4511 29.1941 29.2293 27.3605 28.5134 27.6578 29.2535 28.2752 25.9407 27.5703 23.6354 24.2543 23.2686 23.8732 22.1469 23.1251 23.1968 23.6936 23.7066 25.113 21.7803 23.3598 27.4332 25.2061 27.5381 29.7901 32.9155 12.3642 32.7739 26.4385 27.7069 31.4353 30.9103 29.7306 27.9161 27.481 30.1909 28.2758 24.9646 28.0322 31.4117 25.4467 28.4156 27.0109 26.7435 31.192 25.3652 26.2127 24.3296 24.6995 23.073 22.6391 23.2959 25.9567 26.6319 26.6597 24.8511 24.0624 29.66 27.707 31.6103 32.5485 27.0689 31.2068 32.1604 30.879 32.7987 26.9795 26.1317 32.0481 24.7685 24.9256 28.8926 23.8855 25.0201 23.0444 25.5567 28.1987 26.0568 26.5567 25.0076 25.563 19.4292 18.9449 18.299 21.7933 24.7684 21.2638 21.2986 20.9339 20.1987 26.1582 21.2973 19.5537 26.533 25.989 30.92 29.3781 30.7997 29.1016 31.3671 35.3342 37.0963 25.9674 33.9227 24.5918 26.3688 28.4909 27.2135 26.827 26.4845 27.7405 28.3964 27.5949 26.3056 26.7791 27.6584 23.1287 28.3008 29.3958 30.2313 28.5353 30.4452 27.2491 28.3011 29.2029 27.7133 29.4481 27.4835 26.3194 29.7241 26.6293 26.8213 27.0926 25.3055 27.766 25.2423 29.3951 24.7997 25.5835 26.0368 27.2504 24.4046 27.2601 23.6968 22.1113 19.6278 23.5297 20.213 33.481 20.7167 24.0188 24.1668 20.2673 33.5981 16.8746 30.6447 34.4122 18.903 18.0835 29.4865 22.31 26.4289 34.8951 21.62 23.8162
30.8474 31.8293 37.5459 31.2941 21.0375 29.1275 36.787 32.5742 32.0856 31.6976 35.7558 32.2352 7.73919 7.39683 7.20002 8.06427 7.23093 7.69566 7.87709 9.57165 8.08631 5.97072 0 6.57554 32.2272 28.605 29.6217 31.4832 29.996 28.7547 27.4176 28.6714 28.1143 28.2024 31.4416 31.0316 27.2916 26.7245 32.2945 29.3678 30.0948 25.5681 31.0931 29.3312 33.3777 29.9866 35.1295 28.5838 28.3368 25.0328 28.4998 28.0111 28.7333 26.2446 27.8861 27.0006 28.3753 27.5018 25.0325 27.2483 24.6155 24.9595 24.5909 24.9328 23.4315 23.8309 23.9398 24.8941 24.6886 25.8972 22.7243 23.992 26.5975 24.0428 26.2309 29.1154 31.6947 12.9419 31.4573 26.1664 26.5743 30.1245 29.6629 28.9134 29.5211 28.3023 30.6554 28.8296 25.9339 29.0621 32.5547 25.9881 29.0951 28.0966 27.8671 31.8991 26.9683 28.0935 25.9411 26.3487 24.7059 24.201 24.6263 27.0861 28.5108 28.5278 26.5299 25.5428 28.6947 26.8909 31.0868 31.5083 26.9814 30.3324 31.9902 30.084 31.4282 26.3152 24.784 30.9857 25.241 25.2106 29.7064 24.3943 25.0162 24.2799 26.4734 28.2582 26.5975 27.2768 24.8061 25.5103 19.7621 19.2988 17.9221 22.1646 24.3826 21.0433 21.2354 20.487 19.8263 27.0107 20.8159 19.5061 25.0132 24.452 28.9998 29.21 29.0188 28.6817 31.8837 35.0139 36.8833 24.5372 33.6771 22.8586 26.8221 28.5396 27.8099 27.2362 27.1541 28.496 28.7821 28.6088 27.0043 27.2616 27.9293 23.5975 27.3763 28.458 29.492 27.4012 30.0732 26.2064 28.1003 28.1287 27.0193 28.4833 26.3441 25.7031 31.0893 28.4929 28.2985 28.0182 26.5906 29.2593 26.4842 30.9041 26.3491 27.4448 27.8023 28.3706 25.8328 29.1181 25.8361 23.8221 20.8404 25.3002 21.8122 35.103 22.4924 25.6489 25.5809 22.7098 33.9803 16.5585 30.0693 35.4316 18.5362 18.9166 29.0547 21.6786 25.2624 35.9592 21.4802 23.3983
