0 10.7388 6.08326 8.32622 18.9103 10.4372 12.1322 7.53551 7.61134 6.00884 7.25968 7.49267 28.4926 25.8839 30.2957 25.8849 28.6433 31.3697 26.5454 28.4191 25.0878 27.7071 22.1643 22.565 9.60256 9.16846 9.23031 8.37945 9.11659 10.5535 9.60449 10.0835 9.05127 10.5999 10.3054 10.7511 10.104 9.11819 8.80914 8.81999 7.76961 13.742 10.2192 8.84262 10.0171 9.7791 7.50698 10.3966 12.5459 10.7225 11.9476 12.2974 11.7285 10.7782 12.3157 11.7939 12.865 12.5165 15.258 11.9673 17.2018 15.67 16.2634 16.8313 16.0267 16.6066 16.381 17.2254 16.6455 16.8757 17.0626 17.5469 10.3168 10.6278 9.56111 11.3049 10.8956 14.224 10.9905 11.1798 10.9595 13.1375 12.7765 10.6472 13.6724 14.5278 15.2295 14.1725 17.4037 11.401 11.3652 14.0863 15.678 12.2194 11.3222 15.6928 15.6928 14.9307 14.4304 15.4288 15.1893 15.0324 15.5133 15.1606 15.8813 15.5424 16.6442 15.0842 15.6579 16.2348 15.095 17.1161 15.5072 14.7112 13.704 16.5877 17.122 15.32 17.8568 18.1712 14.9306 11.139 11.8884 9.29802 10.8218 9.53257 9.58707 10.3695 10.1603 9.42227 9.18598 8.46091 10.3333 14.2005 14.2198 14.3655 12.8393 13.3917 15.403 14.9641 15.8513 17.1907 13.9117 15.6785 15.1075 17.213 16.0886 13.0621 16.9674 12.5782 16.4998 13.6586 13.7096 15.8156 13.0737 15.5343 21.3528 13.5788 11.8584 12.3244 12.1483 11.8825 13.1471 12.2315 12.2698 12.7922 12.7017 13.6485 16.4545 14.4725 13.3339 11.4422 11.888 11.4536 12.4588 10.9141 14.1017 11.9067 12.1235 11.7338 10.4211 13.435 19.577 16.7271 12.4988 13.0688 14.1224 14.8733 13.9364 15.5045 15.8035 15.2336 14.3559 19.0204 18.5719 20.2303 26.2382 20.0037 19.8168 23.4996 15.8327 19.1805 16.9309 18.7343 18.3017 9.65914 17.9455 13.0122 14.7653 14.9935 19.2324 11.8001 14.3873 10.251 12.15 17.0386 11.878
10.7388 0 11.4373 13.7253 13.7022 14.7381 18.3107 14.6565 14.3999 14.3384 13.5258 12.2464 27.6366 28.2271 28.0393 28.8834 28.5543 27.6918 29.4891 25.1507 28.3215 26.635 27.8204 27.9266 8.40187 6.25549 7.61453 7.54753 8.74315 7.55616 7.75878 9.5966 7.44781 8.13019 8.07148 8.24344 9.63433 9.54238 9.58747 11.4291 8.05781 14.2257 12.3427 11.7704 8.90941 10.3107 8.94455 9.68496 8.71854 10.3587 9.4251 13.1322 9.24033 12.5575 9.78631 11.925 10.5183 12.0933 15.3968 12.6398 23.9549 24.248 24.9202 24.7862 25.8584 23.3451 24.6475 26.9685 25.959 26.078 26.737 23.7456 10.1482 8.32902 8.07285 10.1478 7.24898 20.0098 8.1626 9.32928 8.6952 10.2971 10.4923 10.6904 11.0228 9.77821 9.25699 8.51241 12.3695 9.66852 10.5404 11.5122 11.0651 9.50135 10.5497 11.3502 11.3502 19.9176 20.7924 22.9251 20.4351 20.6225 22.1986 21.5017 23.3083 21.5029 23.7571 22.8851 24.3295 14.1301 13.0683 14.699 13.3584 17.1784 12.9813 15.1189 13.9917 12.2128 16.6621 12.9802 12.0018 16.2298 15.3691 10.7603 15.9256 12.9324 11.6768 14.2578 13.9224 12.4627 11.5919 12.9227 15.4301 19.5399 20.4981 17.1152 17.5014 15.95 17.4732 16.3418 18.3666 18.661 18.0598 17.0533 18.132 15.1076 12.2216 8.39705 17.8233 8.19204 17.603 11.1892 13.5621 11.5631 12.9731 11.3492 15.238 15.9584 12.7751 15.3205 15.2246 13.5066 14.8894 13.759 15.2384 13.787 13.2893 13.9738 12.3483 12.2163 11.0567 9.02206 9.55719 10.0538 10.0733 8.87359 11.0179 12.2652 9.07911 11.4613 8.85323 14.0026 18.2057 18.1158 13.5577 13.502 13.1873 14.2982 15.1756 14.279 17.1228 15.933 13.1509 19.0411 12.4023 15.8012 25.0073 15.6381 13.0623 22.0443 14.4368 16.7545 11.5494 12.7158 15.0442 9.32991 22.1434 12.9699 11.5138 17.5916 16.9481 11.919 15.8352 8.43826 11.5246 18.1158 13.3952
6.08326 11.4373 0 6.39896 18.6834 8.84016 6.37495 7.51683 7.66829 5.27436 6.06731 6.4881 27.8805 25.9519 29.5533 25.9749 27.9635 30.6545 26.4893 27.6329 24.8098 27.2013 23.5583 23.8782 11.6504 10.1848 10.6221 10.1758 10.9176 11.7169 11.2696 11.4841 10.2796 12.2525 11.5912 12.3578 13.1709 10.2408 11.2832 10.3288 10.8522 17.2591 10.6588 10.828 13.0696 11.1079 9.16349 13.2437 13.8544 12.7221 14.1266 14.4144 13.7155 13.0898 14.2059 13.8327 15.1762 14.202 17.378 14.4803 13.6955 12.392 12.339 14.1445 13.0968 13.0473 12.8128 13.8904 12.8514 12.7867 13.5502 14.1483 11.0345 10.9274 10.6842 11.5695 13.3248 16.9344 12.8903 12.7374 12.3805 15.2957 14.1174 11.5923 15.2245 14.8504 17.3495 19.0447 17.6206 16.1281 15.1516 19.3534 16.2894 15.486 16.1907 15.2305 15.2305 12.6583 12.6385 14.3102 13.7346 14.3348 14.8157 14.3872 14.5314 13.1316 13.723 14.7494 15.256 15.7124 13.4221 16.2306 15.2617 14.0014 13.8993 15.9053 17.3581 15.0173 17.1161 19.3136 14.2275 10.6627 11.8445 10.3226 11.9761 9.87002 10.7804 10.6543 10.9787 10.1237 8.77532 10.0112 11.4607 14.5865 15.1499 15.5224 13.1512 13.2319 15.549 15.2484 15.7281 17.3756 13.2318 15.4103 15.7753 18.6454 17.1544 15.016 16.381 11.7223 13.8101 13.8655 14.4108 17.0481 12.1527 15.339 22.8421 13.8563 12.9924 12.8273 12.8195 12.2161 13.1693 12.2243 12.3118 13.2144 13.2974 13.9144 16.3259 14.8814 13.4674 11.7706 12.6371 11.5499 13.2977 10.4157 14.4386 12.7791 12.7445 11.8442 10.5807 15.9929 17.1659 17.0665 15.8063 16.2323 16.6321 19.044 16.4533 15.9615 14.8891 18.3167 18.1451 26.4971 20.3666 20.6582 26.412 19.3354 18.9449 26.5488 17.2983 24.2651 15.7427 17.4768 21.7439 9.67728 20.1783 15.1864 14.4065 16.5545 19.9501 13.6819 17.0023 12.5201 11.4772 19.1077 13.6054
8.32622 13.7253 6.39896 0 20.4448 8.37355 10.8531 7.5195 6.56185 6.56376 6.31723 9.08852 27.9915 29.3928 28.5014 29.4168 29.1946 28.5774 29.6105 26.6395 28.852 27.136 26.1239 26.78 11.5285 10.4461 10.1749 10.0595 11.4611 12.7162 11.5725 12.5199 10.9116 13.1993 10.8339 12.0158 10.9635 8.93173 8.9986 10.2264 8.50307 14.2101 11.9875 11.6105 11.4847 10.6778 10.3464 11.5348 16.7713 14.0435 15.2199 14.2706 15.509 14.5744 16.4174 14.8718 16.6553 14.9134 19.078 17.2397 19.1436 15.6581 16.4008 17.025 17.1543 18.8672 15.9698 18.4901 17.2268 17.2155 18.634 20.2078 10.1315 12.3661 9.98892 13.0703 12.7086 19.5586 13.7403 12.3913 12.6163 16.4899 15.6375 11.358 11.9445 14.9669 14.1378 12.569 13.6888 13.0898 12.4786 12.5806 14.1457 11.9207 10.8447 15.5533 15.5533 15.7477 15.5419 18.1843 16.5624 16.4834 18.1747 18.1854 17.5981 17.9369 18.9051 18.6333 19.0127 13.5108 11.3022 15.1411 15.542 11.4721 13.0257 13.4265 15.4393 13.5603 16.5933 18.848 11.2739 11.3605 13.0992 11.96 12.445 9.73009 11.3638 11.9502 10.9758 10.1377 9.27073 9.74994 11.7769 18.6618 18.8876 18.5583 15.8999 14.6422 18.1229 17.8076 18.7092 19.7233 17.8956 19.7745 19.6677 18.594 16.8824 14.841 12.0458 13.8907 10.4667 11.3288 12.819 16.4963 11.3258 13.1037 22.4248 13.5559 13.3055 13.1505 13.7685 12.937 13.3215 11.9921 13.7764 12.7871 13.0297 14.2611 13.3568 14.2088 12.0046 10.1889 10.9974 11.2207 12.2111 8.91399 13.6902 12.8706 11.9989 9.7489 9.99234 16.184 20.6833 19.0813 14.9037 13.52 15.8312 16.5951 14.0513 16.7846 16.3672 17.6149 16.3152 17.2699 16.7082 18.1411 21.5696 16.5229 17.3296 19.9024 16.6821 17.3513 14.7192 16.6165 14.78 13.3651 22.5565 19.4134 15.2298 18.9389 22.0228 17.7334 18.6033 14.7199 12.8515 21.6202 15.4689
18.9103 13.7022 18.6834 20.4448 0 20.6411 23.7171 19.4563 20.5226 19.6248 18.5943 21.7155 19.4546 19.4976 19.5791 19.3563 19.9442 19.5466 20.2351 18.1709 19.6748 19.2716 15.2717 17.0307 12.9033 10.3031 11.2573 12.5587 13.1018 11.4311 11.512 14.1448 9.52636 10.7889 11.2421 11.6812 11.9588 11.0412 12.1834 11.9555 11.5665 12.205 12.5724 11.5751 11.0657 13.2856 12.6573 11.0205 11.0606 11.0694 9.932 10.9153 10.6442 9.41124 10.5374 10.9317 10.3233 11.234 13.7697 11.7043 21.3214 18.2508 18.9712 18.5989 19.2853 20.6896 18.3234 20.6979 19.4285 21.3209 20.2385 21.8297 9.25876 9.13155 9.10297 11.9485 9.68696 11.5215 10.2643 8.66716 9.76953 11.2183 9.88353 10.0228 11.3533 14.5056 13.3099 11.0932 12.0354 11.6434 13.7915 12.7435 12.2153 10.4323 12.0583 13.1884 13.1884 14.968 16.0453 16.915 15.7396 14.9531 15.4933 15.4157 18.1753 18.0566 18.8689 17.9968 17.6973 18.9966 16.913 23.8868 21.8042 20.3464 18.6589 24.6777 23.0331 17.7834 23.4759 19.5793 18.9114 14.4143 10.4976 9.99523 13.5718 11.4657 8.64932 15.0163 11.784 11.4244 9.28236 11.0893 14.4872 15.6267 15.8866 13.3531 15.7133 15.1571 14.7894 13.7366 15.5062 14.5863 20.7555 14.831 13.2629 16.6857 14.7839 11.5249 19.4414 12.1452 16.6794 18.6408 19.0201 13.6424 11.1566 20.4927 19.7877 14.8152 11.8179 13.6393 13.5166 12.1028 15.5953 14.1123 17.1684 13.9299 14.8678 14.7266 12.8022 15.1178 15.0772 11.7296 12.2407 14.4627 13.4135 12.2268 14.6771 14.9488 12.1922 11.7464 12.2859 14.2858 15.6169 16.2562 12.0767 13.1249 12.5069 13.2057 14.1976 14.944 16.0959 15.0211 11.6956 16.7524 13.7289 17.1049 25.6254 15.9539 15.0358 20.5882 14.594 16.4952 12.9455 13.7882 16.0516 16.4894 14.7603 16.9159 18.5804 11.3178 16.2857 15.0376 12.8944 10.6027 18.9992 15.4677 11.4605
10.4372 14.7381 8.84016 8.37355 20.6411 0 13.8566 8.82808 8.91713 8.00802 8.36282 9.47307 26.3756 24.3654 28.0903 24.1634 26.6824 28.6455 24.0234 27.6258 23.4196 25.9462 21.7022 21.6983 12.4063 9.12453 10.9289 11.7569 12.6424 13.079 11.732 12.4007 10.9496 13.3938 11.897 12.2504 10.8908 8.18676 10.5697 9.43274 11.1672 16.2511 12.6536 11.0236 14.0919 10.1186 9.67516 12.3042 15.1955 13.2768 14.2778 14.1766 15.3196 14.7354 15.0609 15.6017 16.7694 14.8823 17.073 16.6352 15.2609 13.2057 13.7932 15.3396 14.6645 15.1481 13.9029 15.1822 14.4759 15.0884 14.9442 15.7908 11.3437 11.9176 8.95496 13.6211 12.7297 16.3673 14.2544 12.0835 11.7176 16.0583 15.3452 12.6007 14.266 18.5331 18.0825 14.819 17.2823 14.2399 13.3253 15.5162 17.2422 12.8759 12.2626 19.6048 19.6048 14.9284 13.5545 16.5944 14.8176 14.7586 15.2079 15.2333 16.9628 14.5158 15.56 16.6364 16.9308 14.5401 12.6548 18.2326 16.5544 12.7054 14.0452 18.6325 19.6177 15.6004 16.71 19.9932 12.5053 14.9015 15.04 12.6946 14.5076 12.315 13.4114 14.3737 13.6457 12.97 11.1111 10.9913 14.0172 15.7397 15.5986 14.9192 13.784 13.7327 14.9148 15.9164 14.9526 17.1394 16.8043 16.6242 15.768 16.9358 15.3657 14.5229 12.9492 9.32169 12.1666 15.9344 12.1526 18.2123 9.73974 18.8138 23.5453 14.5995 13.6965 13.3731 13.5339 12.9274 15.6016 12.9913 14.8425 14.5483 15.2559 15.0913 16.8828 14.6982 10.9763 9.39088 11.0594 11.1147 11.7589 9.3345 13.3947 12.4878 11.804 10.1948 9.33078 15.2097 19.3269 19.2254 15.1856 13.9262 15.1938 15.4701 15.057 16.1725 17.2944 17.4201 16.7786 18.7912 16.1492 16.6628 21.3697 15.5593 16.9767 20.4932 16.5583 15.8714 15.8016 17.0554 15.2368 14.191 19.8154 18.0377 18.501 17.0335 19.0661 17.258 17.038 13.3206 15.2938 19.0168 15.001
12.1322 18.3107 6.37495 10.8531 23.7171 13.8566 0 11.5351 12.1908 10.6008 7.13054 11.905 34.145 31.2435 35.8269 31.3691 34.053 37.4121 31.3093 34.6342 30.4155 33.7158 28.2113 28.6749 16.8419 13.2141 14.0908 13.3835 15.5443 17.3405 16.9307 17.0225 14.3492 17.7218 16.9329 17.0489 12.7049 9.15846 11.6147 10.5946 11.3542 18.3783 10.7603 10.7925 12.9208 10.6693 10.5567 13.2728 19.0867 17.6757 19.315 19.8129 19.2248 18.3668 20.3265 20.357 20.7642 19.9465 23.9446 21.5826 14.9748 12.4048 12.5902 14.1712 13.4601 14.5113 12.21 14.3455 13.1699 13.237 14.5053 15.3775 12.7352 15.3605 14.3277 16.7616 17.7915 19.4475 17.3322 15.5819 16.7623 20.7524 19.0931 15.3747 13.3483 20.8854 19.6638 18.0389 20.5005 15.6839 15.135 17.4646 18.5835 14.2215 13.8929 19.9933 19.9933 12.5698 13.0757 14.7198 13.4699 13.4762 14.8557 14.6933 14.8438 13.9714 13.9468 16.5036 16.7689 18.9252 15.638 22.1752 21.3422 16.3846 18.8083 21.9146 24.1536 19.8081 22.5576 27.3633 16.7961 14.0017 14.6519 13.3434 16.3013 12.9314 13.7232 15.5589 14.487 12.8712 12.111 14.5063 15.7991 17.8687 18.4361 17.3833 15.0239 14.8023 17.4336 17.1396 18.7539 21.0428 16.2777 18.9199 18.5638 25.2397 22.6768 18.8259 15.6878 12.6727 12.4292 20.1672 16.9568 20.2375 11.844 23.0325 31.1716 18.1113 18.0041 17.2768 17.2362 16.2289 18.1225 17.4372 16.9905 18.1957 18.6419 18.2987 22.7223 21.0718 17.0897 14.945 17.3629 16.0178 17.9635 12.7829 19.9051 19.4241 17.4744 15.8985 13.5031 14.2158 20.091 20.228 14.6266 13.5286 15.3035 16.5558 14.6888 16.2717 18.0646 15.889 15.8487 23.1096 18.7128 19.9029 27.5287 21.6118 20.0557 26.6726 14.9732 19.8528 19.8473 21.6464 17.8896 14.7779 26.3352 21.7742 19.5655 22.3584 26.607 20.1731 23.0824 19.2033 15.6228 26.0796 19.2177
7.53551 14.6565 7.51683 7.5195 19.4563 8.82808 11.5351 0 5.53647 5.72174 6.80525 6.91804 29.3107 29.0102 29.4422 29.9991 30.106 29.7668 30.2564 26.8751 29.7246 28.2559 32.1951 33.1596 10.2518 9.04717 9.84189 9.39831 10.6412 12.9205 12.0612 11.9828 11.0961 11.8343 11.2976 11.8489 10.2768 9.14109 8.17107 9.0667 7.76039 11.3338 10.2011 9.88066 9.94389 9.86439 7.49495 9.88823 14.248 13.1783 13.8775 14.9032 13.9627 14.9139 14.7946 14.8406 15.7841 15.0559 19.0813 15.5831 22.2283 24.5247 24.1483 25.3213 23.7804 22.2068 24.346 24.1633 24.7205 22.8808 24.5989 21.9973 10.352 12.2307 10.3302 12.2492 11.1928 21.2841 12.4987 12.656 11.9927 15.4716 14.7609 11.514 10.1346 12.4574 11.0181 10.0656 11.0373 10.3216 11.0834 8.63114 11.706 9.96191 8.03147 13.5242 13.5242 22.3375 22.0461 22.7713 21.4234 22.6111 23.8823 23.2312 23.4047 21.0466 22.5209 21.244 23.1843 15.6236 13.604 12.7093 12.5224 14.7317 13.8952 10.2574 12.2958 14.7814 15.519 16.3836 13.0457 15.6861 15.9875 10.7103 16.5295 11.8842 13.2741 12.3512 12.6065 11.1381 11.1102 12.1119 15.1905 22.2949 23.5144 19.7998 19.0756 16.6532 20.265 19.5504 20.5164 19.3918 16.7618 20.1677 22.9996 19.6998 17.5057 15.357 15.9769 12.7155 15.6119 7.84391 10.9443 16.2894 13.8222 8.48576 19.76 16.6214 15.5333 17.1323 17.7425 15.1427 12.3948 12.4672 12.5361 13.6144 13.4819 16.1864 13.1804 15.2979 10.77 9.58083 10.5187 10.1373 12.1478 8.52527 12.3283 13.3807 11.0479 9.6455 9.06141 13.4813 18.5438 18.1452 12.451 12.1937 13.4596 14.1768 12.9259 15.9232 14.9152 15.2101 13.5485 13.7223 16.6477 17.1422 18.0985 15.2012 16.301 16.7709 15.0158 16.5406 14.3 15.9115 14.1484 12.5185 23.5908 14.0413 12.9282 20.4011 18.1044 13.9828 19.066 14.51 11.5447 18.3903 17.2532
7.61134 14.3999 7.66829 6.56185 20.5226 8.91713 12.1908 5.53647 0 5.7168 4.71295 7.20102 28.2744 29.2408 28.7516 30.0129 29.5961 28.9103 30.6658 26.2915 29.0513 27.1427 27.5921 28.2554 10.2533 8.67764 8.72219 9.52256 9.74957 11.1451 10.4308 10.7457 9.51567 12.2373 10.382 11.0204 10.7487 9.09295 9.05154 9.79683 8.21894 12.7174 11.8728 11.0567 10.5729 9.43202 9.63209 11.2773 14.8048 13.3409 14.0227 13.8354 14.2255 14.0799 15.2234 13.3132 15.5671 13.5708 18.1591 15.7069 22.2264 19.7004 20.5433 21.1287 21.4674 21.7038 19.9797 23.034 21.5405 21.5825 23.2702 22.0197 9.44228 11.1553 9.15431 12.2725 12.2752 19.0572 12.1216 11.3057 12.02 16.1372 14.9471 10.2992 10.9381 12.738 11.9053 10.3732 12.5213 12.0848 10.6757 10.0887 12.674 10.6849 9.08373 14.8098 14.8098 19.6306 19.6636 20.821 19.3225 19.7536 20.8834 21.1116 20.2672 21.6589 22.3019 22.1177 22.2427 12.9216 10.7205 12.6371 13.0282 10.917 12.1971 10.5554 12.5653 12.9679 15.4561 16.5747 10.9561 12.4747 13.6961 10.8873 12.9566 10.3465 11.4981 12.9835 10.4297 9.73648 9.88448 9.81553 11.8155 20.0202 19.9278 17.3306 16.6488 13.6484 17.1827 16.8027 17.0267 18.787 16.5513 20.0621 20.1667 17.0552 16.0977 14.8806 12.6921 12.7241 12.4516 7.79914 11.7415 15.124 10.8659 10.0293 20.1113 15.8775 14.4679 15.3466 15.98 13.8607 12.548 13.7748 13.7732 14.0087 13.9133 15.9958 13.788 13.0779 9.32767 8.20399 9.86614 9.46012 11.8218 7.78451 11.8355 11.5713 11.0984 8.07286 8.43924 15.888 20.4978 19.0002 14.1863 13.7457 15.4369 15.4254 13.8731 16.7526 16.7644 17.8454 15.7002 15.4193 17.9371 19.0799 20.8588 16.919 17.8657 18.0693 16.9058 17.6438 15.2303 16.7248 14.601 12.7983 24.2049 16.4869 14.6127 20.0485 20.8045 15.5898 17.7379 13.9478 12.2507 19.9221 15.2492
6.00884 14.3384 5.27436 6.56376 19.6248 8.00802 10.6008 5.72174 5.7168 0 5.3616 6.29362 26.8016 27.548 27.2455 28.6217 27.7056 27.524 29.1719 24.5602 27.409 25.8966 26.5196 27.2389 10.6493 8.51993 9.14379 9.05217 10.1242 11.2696 9.97902 10.4514 8.9494 11.7838 10.6025 10.7589 10.1876 8.49423 9.22098 9.7349 9.01632 13.1448 11.6403 10.2182 10.2966 9.31299 8.90167 10.7501 14.1794 12.2456 13.5651 13.6652 13.8713 13.2294 14.3643 13.8613 15.3036 14.169 17.4353 14.7663 20.0133 18.2775 19.0223 19.979 19.9505 19.4779 18.7913 21.5623 19.9975 20.3445 21.5567 19.9602 9.6946 10.9782 9.3557 12.1509 11.798 17.9763 12.0954 11.0324 11.8053 15.9244 14.6235 10.5808 11.5375 12.6411 12.6807 11.126 13.2133 11.7169 11.9173 10.0049 12.5909 11.1943 9.27609 14.3192 14.3192 17.8236 17.6981 19.0727 17.8446 18.421 19.2287 19.4033 19.1552 20.2683 20.8114 20.4585 20.2274 13.9748 11.1632 13.0089 14.1058 11.7183 12.8568 11.0978 13.2401 14.0181 15.2176 16.3585 12.4937 11.3888 12.2 10.423 12.3074 10.0935 11.4488 11.6136 10.668 9.76508 8.69011 8.90796 11.449 18.9085 18.7769 17.2625 15.6789 14.1107 17.412 16.7355 17.8934 19.3607 16.3477 20.0372 18.9534 17.4888 16.1158 14.702 14.0668 10.9061 13.0518 7.84041 12.9968 17.183 11.5539 10.4627 19.7228 16.8683 14.9758 15.5265 16.0444 13.9894 13.1655 14.606 13.9349 14.6404 13.895 16.7219 14.9716 13.7072 11.5378 10.0145 10.7611 10.2228 11.8108 8.66967 12.83 11.3967 11.7899 9.65741 8.90784 15.2928 18.9236 18.6375 14.0346 13.869 14.7497 15.3837 14.1994 16.1333 16.0607 16.6502 15.2052 14.5326 16.8377 18.0178 20.0153 15.6681 16.9372 17.3914 16.0557 18.4655 14.2541 16.2387 15.6022 13.5488 23.3417 15.406 15.1572 19.3994 18.9162 14.7478 17.1794 12.6696 12.2148 18.3828 14.0115
7.25968 13.5258 6.06731 6.31723 18.5943 8.36282 7.13054 6.80525 4.71295 5.3616 0 5.35839 27.505 26.9494 27.3349 28.0687 28.4907 28.1972 27.5459 25.6778 28.0693 26.3385 29.4312 30.8616 14.6326 11.2278 12.9095 12.8815 13.9907 15.5468 15.7515 12.467 13.6459 16.9044 15.5709 15.5236 10.2034 7.66683 9.36707 10.229 7.36433 12.151 11.5977 10.8665 9.31191 8.69291 9.92244 11.6117 18.9889 17.5364 18.8278 19.2309 17.6894 17.5516 19.3149 15.3169 19.5943 16.1347 18.616 16.123 17.7033 18.5174 18.3018 20.2994 17.6395 16.6495 20.0189 18.1651 18.8668 17.3499 19.1332 17.5791 11.3715 14.2717 12.3735 15.5676 15.7855 25.4632 15.7731 14.0061 14.8219 20.2489 18.7207 13.7218 10.4183 10.413 9.67897 9.09803 10.7898 10.5177 10.3399 8.47424 10.4683 9.22934 7.94642 11.3041 11.3041 19.6412 21.5501 19.2248 21.8295 19.8606 20.8888 18.6194 18.4587 17.2295 17.9263 18.3914 19.974 16.8609 14.9798 11.2158 12.1861 15.1141 13.0602 8.91307 11.5708 16.3733 13.5533 16.4726 14.9074 14.1942 16.3729 13.2813 13.9257 13.9053 14.4771 11.055 13.0134 13.6599 12.2687 14.8317 12.5066 18.2984 20.1017 21.6465 19.2365 18.2929 18.6471 19.7994 17.2219 17.6327 14.2669 16.4788 22.9044 20.6854 23.3365 18.5958 13.3357 13.4613 13.1665 6.75504 15.0429 20.6017 12.9178 8.7323 20.0157 15.9368 15.2331 16.4862 17.0368 17.041 11.8148 12.8841 12.3336 12.3777 12.1534 15.6858 13.7541 17.1873 14.1972 12.9844 15.1632 13.9619 16.5524 11.1662 16.9412 14.258 15.5516 14.0231 12.4278 15.2986 18.6636 17.1263 13.475 13.4347 15.1343 15.2707 13.3154 15.2786 14.0369 16.2185 14.6577 12.4986 16.2449 15.9032 14.8689 14.7749 15.1878 12.8678 15.3125 15.3975 13.2769 15.0466 12.3159 11.1492 22.1343 13.6441 12.7692 19.0753 16.8977 14.071 20.2001 18.384 11.1752 17.6145 17.5647
7.49267 12.2464 6.4881 9.08852 21.7155 9.47307 11.905 6.91804 7.20102 6.29362 5.35839 0 30.7878 32.0052 31.1167 31.7885 31.7287 31.2541 32.5306 27.8868 31.555 29.6277 27.5664 28.3551 12.415 8.88131 10.6935 9.80975 11.6794 11.5219 11.3287 12.1426 9.92631 12.6425 11.7625 12.5456 9.82339 9.10063 9.76591 10.4089 8.34188 14.568 12.074 11.7376 10.5423 8.51599 10.5812 11.3922 15.1148 13.3937 15.2382 16.9882 15.2501 15.7171 15.8212 15.5603 17.206 16.266 19.6345 16.3279 21.4213 18.2888 18.8949 19.8167 20.0641 21.0922 19.1071 21.3471 20.0095 20.0322 21.3747 21.879 12.0813 12.9214 11.5815 13.2596 12.5169 19.8556 13.196 13.2442 13.1273 17.9625 16.6343 13.2871 12.4938 13.7483 11.806 9.98674 13.2532 10.7819 11.881 9.51244 12.8283 11.1253 8.25511 14.4697 14.4697 19.0761 19.0257 20.8514 19.5301 19.7063 20.8836 20.9659 21.0752 20.5351 21.5143 21.9141 22.2552 13.6927 10.76 14.1212 14.3281 12.1625 13.5957 12.3818 13.941 13.0705 16.2964 17.8898 11.9031 13.5908 15.1682 12.4795 14.8665 12.0958 13.0445 14.2225 13.5925 12.1723 10.4034 12.0521 14.3136 18.6584 18.9715 17.531 15.7306 14.6335 16.7634 15.8412 16.5723 18.5573 16.0576 19.0704 18.9395 18.256 15.7726 14.2603 14.4605 8.32324 12.0194 9.6723 13.7876 15.7793 9.78179 10.3017 20.6315 17.0469 15.1795 16.1952 16.7135 15.4765 15.2495 14.5034 15.4006 16.0619 16.1085 16.4303 15.5226 13.5487 11.6474 10.0759 11.0398 9.2789 13.2571 8.52732 13.1418 12.1498 12.4067 10.4053 10.0616 15.6137 19.7916 19.6781 13.8383 14.0616 14.2976 15.1323 14.798 16.0566 17.1653 16.9716 15.399 18.6663 17.9528 18.4963 23.9775 18.0254 18.2066 20.7604 16.1269 18.42 16.1089 18.2519 16.9576 11.9276 25.3151 16.7785 13.9997 19.9092 22.7248 15.2193 19.1115 14.4677 11.4932 22.2235 14.8736
28.4926 27.6366 27.8805 27.9915 19.4546 26.3756 34.145 29.3107 28.2744 26.8016 27.505 30.7878 0 2.66919 3.11848 2.39098 3.31769 3.60048 5.18871 6.13775 3.59058 2.46718 4.42913 3.73488 25.5726 18.1413 22.4157 24.4899 24.7774 22.4481 21.5591 24.0087 19.7 23.0844 24.1873 22.3051 16.2555 13.5309 20.8772 16.4796 16.7127 17.9665 16.6991 19.6302 22.7203 15.0246 22.6281 16.6018 21.9875 18.7432 23.0703 20.2169 23.2044 21.3699 23.6924 23.0561 24.3466 22.7183 23.7792 23.4305 20.3754 18.7189 19.419 18.499 19.5711 20.1714 19.32 20.3268 19.6903 21.8579 18.4688 20.3245 18.2093 18.1858 17.0809 22.7533 24.5543 10.5045 25.8733 16.7815 19.3688 26.6507 23.8562 19.8758 19.4858 26.9175 26.5158 20.8967 22.9469 22.2756 22.4127 20.3806 23.2326 20.1305 18.9827 26.3649 26.3649 22.3265 23.1727 23.6689 22.4783 21.038 21.1728 21.1955 23.4943 24.2218 24.4916 23.5355 22.8386 20.438 16.4657 30.0231 29.4796 18.2503 24.9757 30.7847 30.8574 25.0587 24.7519 25.2819 22.1374 21.1458 19.7311 21.8464 19.4077 21.6042 18.032 23.8572 20.4513 22.8191 20.0255 19.0695 21.4913 17.2304 15.6531 15.4951 17.4864 18.322 17.3303 15.9707 16.999 17.8373 26.5002 19.9765 15.8885 20.8691 17.9167 20.8901 18.8606 4.97001 14.1698 28.5456 28.7514 29.7383 4.13364 31.6869 24.019 24.2558 25.0572 24.8134 24.6537 23.2167 26.0512 25.0496 27.8423 23.6792 24.2628 24.8756 22.341 20.9213 22.1639 21.1055 21.027 23.2458 20.4885 20.5026 23.042 22.9074 21.9701 20.1775 20.8065 22.6617 24.1982 25.1238 19.4482 18.7595 20.6745 19.5259 22.462 22.1397 24.7738 22.0027 21.4404 20.1351 22.7946 22.9569 21.8782 18.2566 22.3013 17.101 26.5997 18.1909 22.4812 23.7463 17.6304 31.4193 15.3509 28.6041 33.767 16.0161 19.4962 28.6081 18.7223 21.1433 32.7417 20.0694 19.4703
25.8839 28.2271 25.9519 29.3928 19.4976 24.3654 31.2435 29.0102 29.2408 27.548 26.9494 32.0052 2.66919 0 1.99707 3.26453 3.97445 4.46902 6.17531 5.09568 4.77624 2.86303 4.40898 4.6373 25.1747 18.3062 22.4468 24.0945 24.7835 22.4967 21.6392 24.2229 19.4979 22.9257 24.2681 22.4011 14.8278 13.0607 19.3441 15.8199 14.8514 16.4372 15.2318 18.6792 20.6218 13.3249 20.9635 15.1368 21.878 18.3793 22.6404 20.1508 22.5584 21.3902 23.303 22.9462 23.963 22.8996 23.9875 23.5656 22.5171 19.8534 20.6619 20.1355 20.8965 21.8501 20.2755 21.8373 21.0364 23.3263 20.1146 22.5553 18.0578 18.1223 16.8099 22.1121 23.9744 10.0748 25.0848 16.567 18.8948 26.3296 23.3921 20.1153 17.7377 24.3935 24.3218 19.4869 20.6714 19.7629 20.3199 18.0991 21.512 18.5564 17.101 24.3514 24.3514 22.2341 23.2151 23.7609 22.6022 21.2671 21.5445 21.6555 23.8075 24.6092 24.9418 24.0803 23.0431 21.2387 16.8731 28.4403 30.5452 19.1812 25.4081 28.8692 28.6603 25.5801 26.4595 24.657 22.473 20.6786 19.3337 21.3208 19.7166 21.1496 17.7418 24.4642 19.997 22.1719 19.5254 18.7503 21.6952 17.807 16.1295 15.3556 17.9323 18.3656 17.172 15.9434 17.2939 18.6725 26.367 20.7194 16.1047 21.421 18.0965 20.4157 19.3055 4.94258 14.1966 26.227 28.7125 29.169 3.75367 29.3304 22.5862 25.2407 25.4487 25.4171 25.3955 23.5661 25.8948 25.709 28.1676 24.8405 25.1047 25.3866 20.1085 21.3793 22.3821 20.8612 20.6588 23.0738 20.5274 19.8984 23.2349 22.9873 21.6068 19.6513 20.1829 20.9795 22.2436 23.0217 17.9828 17.0144 19.0544 17.8559 20.7113 20.1086 22.2922 20.2583 19.8188 18.8025 21.7902 21.8563 20.8522 17.0885 21.2499 16.0973 24.6049 17.8271 21.2116 22.4845 17.2354 32.001 15.8818 29.1727 31.5095 15.9192 18.033 28.7971 18.5914 20.9579 30.8901 18.7682 19.1138
30.2957 28.0393 29.5533 28.5014 19.5791 28.0903 35.8269 29.4422 28.7516 27.2455 27.3349 31.1167 3.11848 1.99707 0 3.42888 3.83321 4.68406 5.12544 7.18385 4.17901 4.26467 3.36202 3.46754 25.4845 18.3157 22.6089 24.4654 24.9103 22.74 21.6703 24.2471 19.7218 23.0067 24.1075 22.2584 16.932 13.7244 21.8774 17.2898 17.2385 18.796 16.8559 20.5436 23.4238 15.3073 23.5429 17.0827 22.1745 18.8969 23.0065 20.1397 23.0736 21.7301 23.7727 23.3988 24.6344 22.9719 23.4602 23.6674 20.7856 19.1919 19.9863 18.893 19.964 20.4424 19.7014 20.49 20.0937 22.2529 18.6627 20.6249 18.2868 17.921 16.6599 22.6369 24.3826 10.2071 25.6273 16.7769 19.0235 26.6225 23.7647 19.6261 19.6607 27.8873 27.2315 21.5917 23.526 22.7078 22.9647 21.0118 24.2031 20.4879 19.7811 27.456 27.456 21.7721 22.6922 23.0158 21.7904 20.4954 20.4693 20.6276 22.9123 23.7751 24.0238 23.3504 22.2782 20.5715 16.6257 30.0669 29.2446 18.65 25.0234 32.0371 31.3291 25.3674 24.8746 25.2723 22.0463 21.1822 19.9099 21.7263 19.8382 21.5995 18.196 24.2487 20.3878 22.8033 19.8727 19.1153 21.4684 17.1026 15.5934 14.9342 17.5399 18.472 16.8503 16.1086 16.8128 17.8979 26.7771 19.8515 15.6936 21.0673 17.9063 20.7758 18.3061 4.40782 13.8288 29.9161 28.5764 29.7406 4.15288 32.7101 23.9887 24.7376 25.1022 25.1114 25.1192 23.4679 26.4198 25.1161 28.1463 24.0395 24.4422 25.1866 23.5387 21.2649 22.1866 21.0987 20.8727 23.3171 20.2648 20.193 23.1387 23.0421 21.93 20.2172 20.636 22.7742 24.803 25.4576 19.4126 19.0754 21.0267 19.7083 22.7904 22.8856 25.5232 21.9342 21.7813 20.2555 22.9738 22.9965 21.2407 18.2667 22.5531 16.6105 27.4488 17.5176 23.0794 23.9616 16.659 31.7743 14.8407 28.1863 34.8308 15.5407 18.8357 28.5172 18.4223 21.154 34.3189 19.2365 19.5896
25.8849 28.8834 25.9749 29.4168 19.3563 24.1634 31.3691 29.9991 30.0129 28.6217 28.0687 31.7885 2.39098 3.26453 3.42888 0 3.99977 4.01717 6.05636 5.45652 4.6397 2.32385 4.78608 4.49793 25.5293 18.5868 22.7052 24.24 24.9847 22.8196 21.8626 24.7545 19.8227 22.9264 24.7001 22.5508 15.4429 13.3701 19.504 15.9342 15.4899 16.9937 15.6389 18.9798 21.1075 13.7417 21.1234 15.6831 21.9688 18.6997 22.683 20.661 22.4999 21.8 23.4649 23.4985 23.9856 23.3823 24.3795 24.4092 23.4998 20.9611 21.6709 21.0046 21.9893 22.9046 21.2558 22.8253 22.0208 24.4529 21.0586 22.7819 18.008 17.9776 16.7754 22.2364 24.2302 10.8402 25.1941 16.5959 19.0322 26.4683 23.7014 20.2431 18.3247 24.707 24.4577 19.5189 20.8965 20.2113 20.6421 18.282 22.0567 18.9068 17.6083 24.8708 24.8708 22.8502 23.717 24.7564 23.5283 22.0332 22.3244 22.4047 24.8749 25.2853 25.6932 25.1579 24.2335 20.8734 16.8373 28.6647 31.2737 19.5194 25.7256 29.0915 28.7466 25.7286 27.3108 24.4212 22.0671 22.1023 20.8919 22.088 21.1883 21.3987 18.365 25.7554 21.1791 23.1879 20.2426 19.5619 22.5919 18.2005 16.6369 15.729 18.3556 18.568 17.8844 16.7583 17.746 19.2291 26.3643 20.9561 16.2514 21.3352 17.8609 20.6418 19.003 4.91757 14.4882 26.8693 28.8055 29.4861 3.97529 29.7127 22.2954 25.7732 26.0402 25.915 25.7407 23.6618 26.2659 26.2228 28.3283 25.6236 26.0505 25.9471 19.7202 21.8043 22.2277 20.7931 20.4209 22.9734 20.3751 20.2286 23.3169 23.5695 21.7087 19.8056 20.542 20.9648 22.2041 23.1696 18.2095 16.9947 19.1461 17.9739 21.0026 19.9051 22.4343 20.2693 20.0711 19.3895 21.7452 21.7292 20.6706 17.6449 21.3992 16.2827 24.6802 17.5369 21.6067 22.7401 17.2703 32.7761 16.161 29.61 31.8738 16.4466 18.3695 29.3803 18.7313 21.2833 30.7712 18.8215 19.6807
28.6433 28.5543 27.9635 29.1946 19.9442 26.6824 34.053 30.106 29.5961 27.7056 28.4907 31.7287 3.31769 3.97445 3.83321 3.99977 0 4.27318 6.41616 5.77794 4.09175 4.74087 4.18155 4.0116 26.3687 19.1649 23.0571 24.8583 25.5416 23.3498 22.4762 25.1928 20.2159 23.8956 25.2534 23.4995 15.7823 12.7246 21.0954 16.7113 16.7622 18.5542 16.3396 19.584 22.5659 14.7286 22.7325 16.2755 22.3678 19.4482 23.4212 21.512 23.7099 21.7266 24.1021 23.9693 24.6795 23.7084 25.07 24.0382 20.2001 18.671 19.2332 18.6923 19.2894 19.8797 19.2433 19.8124 19.4389 21.6343 18.1547 20.2777 19.0634 19.2818 18.1 23.5886 24.8984 10.7136 25.8995 17.7008 20.0268 27.3943 25.0544 21.2428 19.8359 27.3568 26.7852 21.3419 23.5759 21.7774 22.8004 20.7111 23.742 20.1418 19.0267 27.1334 27.1334 21.5682 22.2845 22.8377 21.8465 20.2928 20.3425 20.4659 23.1715 23.3618 23.6837 22.6515 21.9937 22.2457 18.1767 32.0751 31.2611 20.6139 26.5599 32.0487 32.0111 26.8004 26.8598 27.0923 23.6546 22.0636 20.4145 22.2323 20.7364 22.1181 18.4387 24.7886 21.4989 23.2363 20.5552 19.7472 22.6975 17.9151 16.4355 14.8337 17.9998 18.6477 17.3305 15.6491 17.4375 17.7191 26.9359 20.2086 15.917 22.4745 18.9723 21.6124 21.5109 5.38707 16.2139 29.3772 30.5152 30.8669 4.45585 32.5717 25.3854 25.6429 25.7635 25.9341 25.6947 24.431 27.5067 25.9398 29.2111 24.8639 25.5681 25.9898 23.2846 22.3368 23.6166 22.0313 22.0671 24.0901 22.267 21.4819 24.4562 23.917 23.0973 21.4325 21.7082 21.6375 22.6808 24.2983 18.8389 18.2557 19.7095 18.3856 21.9956 20.8933 23.9993 20.563 20.4035 21.2607 22.2778 22.4856 21.9186 18.0439 21.7004 17.4646 25.5997 17.8301 22.4417 23.7468 17.193 32.2219 16.6768 29.9961 34.3692 16.5324 20.2903 29.3946 19.7438 21.7215 32.9329 21.0578 19.9499
31.3697 27.6918 30.6545 28.5774 19.5466 28.6455 37.4121 29.7668 28.9103 27.524 28.1972 31.2541 3.60048 4.46902 4.68406 4.01717 4.27318 0 5.89836 7.49873 2.9946 4.61379 5.23871 4.3142 25.6695 18.5182 22.6563 24.4799 24.8662 22.4823 21.4958 24.0124 19.9423 23.1366 24.3169 22.3706 18.0872 14.6751 22.9688 18.1229 18.4481 20.124 17.6075 21.0804 24.7283 16.8317 24.772 18.1228 21.6723 18.7248 22.8882 20.2001 23.2268 21.2163 23.4748 22.9131 23.9523 22.7187 23.5454 23.2341 21.0682 19.2455 19.8142 18.7774 20.0863 20.7191 19.8253 20.6379 19.826 22.4312 18.9994 20.9187 18.3123 18.2074 17.1859 22.9547 24.5422 10.1362 25.911 16.7717 19.3029 26.601 23.8593 19.9806 20.6194 28.8975 28.341 22.6865 24.4179 24.0652 24.4501 22.3169 25.4589 21.6375 20.8789 28.7427 28.7427 22.4659 23.3774 23.5478 22.5274 21.2372 21.3486 21.4864 23.4124 24.5112 24.7548 23.6851 22.9211 20.64 16.9023 30.133 29.7227 19.1516 25.2576 33.2996 31.6301 25.3626 25.1547 25.3161 22.3284 22.1065 20.2573 22.1909 20.1158 22.0478 18.3208 24.4672 20.9738 23.3907 20.3818 19.4087 22.0493 17.5684 16.0727 15.784 17.8405 18.6739 17.6467 16.2336 17.6569 18.3118 27.0448 19.968 15.6418 20.8197 17.8922 20.9354 18.9877 4.83738 14.1488 30.8051 29.0964 29.8386 4.01917 33.7454 23.7967 24.6488 24.9551 25.0621 24.8751 23.0993 26.5581 24.9855 28.4811 23.9294 24.5347 25.2158 24.4415 21.3478 22.359 21.1405 20.9538 23.3214 20.6406 20.5555 23.11 23.1912 22.1619 20.4432 21.0688 23.6669 25.4671 26.7099 20.7495 19.8284 22.0206 20.64 24.1747 24.0429 26.9865 22.5858 22.9199 20.3468 23.6706 23.7063 21.5588 19.2496 23.1985 16.8405 28.4174 17.6167 24.0951 24.8454 17.2019 31.6854 15.3251 28.3894 35.9487 15.736 19.2366 28.4503 18.7905 21.1318 35.386 20.0646 19.4508
26.5454 29.4891 26.4893 29.6105 20.2351 24.0234 31.3093 30.2564 30.6658 29.1719 27.5459 32.5306 5.18871 6.17531 5.12544 6.05636 6.41616 5.89836 0 9.21955 7.05855 5.93648 5.94154 6.66634 25.345 18.2372 22.955 24.1225 25.3543 24.0693 22.5819 25.1909 20.3606 23.6017 24.7566 22.7252 15.9065 12.8633 18.4955 15.6159 15.2084 16.102 16.0864 17.7673 21.2013 13.8136 20.9206 15.8279 22.1837 19.3315 22.6156 19.5217 22.639 21.4293 23.6991 24.086 24.3105 23.4291 24.5664 24.6845 23.2395 21.0329 21.66 20.6872 21.7296 22.7473 21.2146 22.747 22.0755 24.0181 20.8645 22.7354 16.7406 16.9244 15.5678 22.3145 23.456 10.7805 25.0159 16.1461 17.2137 26.0937 23.0502 19.2322 18.5572 25.2323 25.5281 20.6561 21.6226 20.7755 19.9498 19.748 22.5537 19.0144 18.815 24.8712 24.8712 22.5165 23.5848 23.7152 22.1896 20.622 20.9464 21.244 22.8205 24.6804 25.2664 24.044 22.8705 22.0051 18.1768 30.0526 32.6253 19.9482 26.5338 30.5138 30.0611 26.9846 28.7147 25.9849 22.1248 22.0137 20.5482 22.208 20.9352 21.7918 18.2812 25.8951 21.1788 23.2551 20.7144 19.197 22.4199 17.5626 15.9841 15.6923 17.7402 18.9023 18.6641 18.04 19.0199 20.8188 26.2806 20.5404 15.7099 22.8375 19.0174 21.8414 15.699 8.03842 11.1316 28.6563 27.4156 30.0968 7.0213 31.3609 24.2836 24.3388 25.2804 24.3729 24.1877 22.3824 25.4646 25.7702 27.572 24.9157 25.4734 25.0056 19.8683 23.346 21.9913 20.1903 20.547 24.0885 20.282 19.6983 24.4012 25.0533 21.4116 20.189 19.8994 20.7828 23.2309 22.9503 17.9174 17.1495 20.119 18.5488 20.2255 19.7453 22.9007 20.409 20.0589 19.1105 20.9847 20.4999 18.6034 16.1608 20.0466 15.2797 24.7592 16.216 20.4652 21.6471 15.6323 32.3905 15.2469 30.3171 30.8632 16.9553 18.3732 29.851 18.7502 21.2964 29.5462 18.4289 20.7968
28.4191 25.1507 27.6329 26.6395 18.1709 27.6258 34.6342 26.8751 26.2915 24.5602 25.6778 27.8868 6.13775 5.09568 7.18385 5.45652 5.77794 7.49873 9.21955 0 6.21649 6.02725 5.29728 5.4674 24.3846 17.7095 21.1683 22.5914 23.2584 19.9414 19.8527 22.3827 18.0969 21.6326 22.4758 21.4007 15.6976 13.7311 21.8755 17.4099 16.4873 19.6023 15.769 20.0729 21.6899 14.3081 22.8904 15.9808 19.376 16.6171 21.1832 20.3235 20.7756 20.0918 21.5052 21.0732 21.7384 21.2947 22.3801 20.5184 19.6396 18.0498 18.7423 19.2151 18.8953 19.1282 19.3092 19.5113 19.3291 21.0425 17.8733 19.566 18.2703 17.8775 17.3605 20.827 22.4457 10.4543 23.2525 16.6062 18.1821 24.1857 22.2577 19.7593 19.3685 26.0624 25.3852 20.1969 22.3028 20.3023 23.4436 19.2596 23.5884 20.2754 17.6199 26.4574 26.4574 20.8363 21.2623 22.4684 21.3085 20.8519 20.8418 21.117 23.2901 23.1008 23.7059 22.3953 21.8509 20.0161 16.1098 27.4742 26.7212 19.3836 23.4824 30.486 28.4122 22.5548 23.1655 22.556 22.1146 18.851 17.832 19.2938 18.8947 19.6198 17.041 21.8217 19.1401 20.8131 17.2905 17.5322 20.3105 17.1124 15.8454 15.2766 17.5712 17.4385 16.7476 14.4112 16.3519 16.0586 25.6883 19.3327 15.5136 19.3047 16.1779 18.22 22.5273 5.40952 18.0468 27.3467 28.724 27.4263 5.46349 30.1017 22.0818 24.8162 24.7772 25.2754 25.046 23.6525 25.7198 24.6353 27.6191 23.45 23.53 24.5018 23.793 18.4697 22.3609 20.3794 19.5186 20.8083 20.4015 19.774 20.8708 20.2422 21.0071 19.1608 20.1517 21.5843 22.5316 24.6115 18.6255 17.703 19.1238 18.0378 23.259 21.4797 24.4862 20.6411 20.4385 20.7572 22.8106 24.0253 23.7505 18.8567 22.5718 18.5113 25.4596 19.123 22.8171 23.9954 18.0299 30.1045 15.4562 26.0793 34.1003 15.017 17.8329 25.4795 17.7914 19.7121 33.734 19.1389 17.026
25.0878 28.3215 24.8098 28.852 19.6748 23.4196 30.4155 29.7246 29.0513 27.409 28.0693 31.555 3.59058 4.77624 4.17901 4.6397 4.09175 2.9946 7.05855 6.21649 0 3.66812 4.8325 4.81066 25.7069 18.6702 22.8696 24.69 25.0737 23.0026 22.0227 24.4988 19.9908 23.2438 24.8195 22.6863 14.6608 12.3578 18.6321 15.0009 14.5303 16.1275 15.849 17.5847 20.3403 13.9553 20.1547 15.3244 22.315 18.8437 23.0814 20.6676 23.2448 21.6154 23.9406 23.6149 24.5903 23.2539 24.4833 23.9525 21.3774 19.2435 19.8723 19.0988 20.0126 20.8519 19.6018 20.6252 20.055 22.3795 19.0162 21.4197 18.0609 18.305 17.0053 22.8293 24.6766 10.5574 26.1206 16.5818 19.3699 27.0183 24.1083 20.1368 17.7879 24.5641 24.2183 19.4666 21.633 20.1355 20.1213 18.6237 21.1691 18.2522 16.8495 24.0351 24.0351 22.6294 23.7411 23.3296 22.5032 21.2661 21.3412 21.3655 23.2494 24.5601 24.734 23.3288 22.6063 21.1275 17.2059 28.1833 31.1334 19.1643 25.7338 28.5158 28.7076 25.8875 26.4811 24.7918 22.6048 21.5519 19.8848 22.0312 20.121 21.8209 18.0968 24.5147 20.6906 22.9318 20.2244 19.2935 22.1975 16.9611 15.4392 15.8585 17.5886 18.5842 17.7968 16.8329 17.7693 18.9026 25.2894 20.0493 15.5278 21.8296 18.2988 21.3511 19.4388 4.89589 14.5933 26.3208 29.2808 30.3317 4.45557 29.476 22.6528 24.9036 25.3449 25.2274 25.024 23.0628 25.3713 25.5917 27.3352 24.5069 25.04 25.292 19.8673 22.1242 22.5364 21.1963 21.2657 23.5124 20.8406 20.7857 23.6968 23.7769 22.1736 20.543 20.8707 20.8641 22.6565 23.1832 18.2236 17.0005 19.173 17.8838 20.402 19.5937 22.3959 20.6496 19.7774 20.0908 20.9501 21.4956 21.918 17.0692 20.4975 17.6254 24.1696 18.0338 20.5635 21.9416 17.5099 31.7321 16.2414 29.7963 31.456 16.5358 19.4394 29.3066 19.1106 21.2489 29.4195 19.0625 19.7407
27.7071 26.635 27.2013 27.136 19.2716 25.9462 33.7158 28.2559 27.1427 25.8966 26.3385 29.6277 2.46718 2.86303 4.26467 2.32385 4.74087 4.61379 5.93648 6.02725 3.66812 0 4.50916 3.56732 24.9853 17.9658 21.83 23.6798 24.0954 21.3609 20.7077 23.1788 18.8525 22.5366 23.6377 21.7564 15.9574 14.0086 20.8135 16.5331 16.2848 18.1143 16.8046 19.6559 22.0845 14.5682 22.117 16.7014 21.4226 18.2268 22.6025 19.9872 22.5338 20.835 23.3014 22.3397 23.8404 22.1887 23.5914 22.6322 20.1269 18.5808 19.2837 19.0804 19.2473 19.8326 19.6185 20.3073 19.8386 21.5086 18.4487 20.1281 17.7085 17.8938 16.6822 22.062 24.0109 10.1444 24.9865 16.3975 19.0432 26.219 23.5393 19.5399 19.5425 25.9604 25.7686 20.3768 22.4847 21.895 21.9567 19.7586 22.5147 20.0876 18.5148 25.6299 25.6299 22.3932 23.2237 23.6756 22.8746 21.7686 21.7243 21.8256 23.6524 24.1397 24.7591 23.6869 23.0062 19.4126 15.3457 28.3576 27.8537 17.3202 23.7779 29.3266 29.3 23.7895 22.9833 23.9039 21.1322 19.9981 18.894 21.1704 18.541 20.6707 17.5182 22.7335 19.5718 21.8678 19.3103 18.2644 20.3857 16.7572 15.3234 15.2795 17.2476 17.3849 16.6949 15.0169 16.1467 16.7674 26.0603 19.7736 15.8157 20.0983 17.0449 20.1013 18.5511 4.8951 13.8937 27.2315 28.5092 29.0996 3.48187 30.1565 22.7782 23.8797 24.838 24.6048 24.4649 23.0219 25.8096 24.6223 27.4887 23.183 23.5707 24.1845 21.7954 19.6086 21.504 20.4371 20.3082 22.2581 20.0402 20.016 22.0973 21.6682 21.3524 19.4142 20.2639 22.9969 24.4385 25.4335 19.8308 18.8075 20.9777 19.6824 22.8607 22.1611 24.9871 22.6226 21.9202 20.4678 23.5545 23.675 22.6653 18.6846 23.0423 17.7969 26.8537 19.0899 22.7342 23.9059 18.5383 30.4975 15.3654 27.7553 33.1646 15.5881 19.1693 27.7801 18.6509 20.776 32.1156 19.5529 18.9951
22.1643 27.8204 23.5583 26.1239 15.2717 21.7022 28.2113 32.1951 27.5921 26.5196 29.4312 27.5664 4.42913 4.40898 3.36202 4.78608 4.18155 5.23871 5.94154 5.29728 4.8325 4.50916 0 6.46638 26.3396 19.0805 23.6353 25.3168 26.1631 24.768 23.3208 26.3655 20.7122 24.1828 25.6441 23.7082 13.3405 12.3267 17.3572 13.3754 12.1525 14.4389 13.7407 16.8404 18.1751 11.574 18.4137 13.3429 22.5768 19.4399 23.5353 21.4224 23.5177 22.1633 24.1526 24.6501 24.7682 24.2233 25.0799 23.3958 21.0486 23.5737 23.4192 23.8521 22.2223 20.4377 23.7822 22.3896 23.5507 23.9775 20.9075 20.5554 18.6107 18.7422 16.9663 23.335 24.0841 10.537 25.6074 17.2387 19.1034 26.9026 24.4251 20.9533 16.5929 21.8671 21.4763 17.0494 19.1929 17.1712 17.7335 16.3896 19.296 16.7872 15.5329 21.9776 21.9776 24.4861 25.3388 25.1894 24.0079 23.3832 23.1049 22.9964 25.7154 24.5564 25.7345 23.5252 23.3915 23.3793 19.2656 26.4179 28.8255 22.015 28.2236 26.7724 26.1808 27.74 24.4817 21.8683 24.148 23.1461 21.1467 22.6511 22.0187 22.0777 19.0982 23.2781 22.2426 23.6309 20.0781 19.6759 24.0166 17.5931 17.2139 15.0374 18.7032 19.1623 18.7715 17.7883 18.5169 16.5159 20.8738 17.3908 16.1417 23.7602 19.4308 21.5463 19.9906 5.60561 15.3442 24.0401 29.4439 31.0111 4.31982 27.4849 20.4622 24.6476 25.9527 26.1618 26.0533 24.0808 22.5633 24.1179 24.7279 21.4423 21.7144 24.8932 16.603 23.6315 23.3985 21.6615 21.6344 24.323 21.971 20.8711 24.8631 25.1325 22.9566 21.0406 21.194 19.8459 20.0049 20.9342 16.8416 15.7119 17.7242 15.8963 18.5164 17.6419 20.2676 19.171 18.0204 19.0345 21.0895 21.2978 20.6759 16.6054 20.8402 15.9757 22.5181 18.2982 20.1748 21.3607 18.1965 31.3999 14.5927 25.6859 28.1619 15.3716 16.538 27.76 19.6953 21.8996 26.8017 15.6677 20.4308
